100 4950
1 2 7058
1 3 24673
1 4 7358
1 5 10070
1 6 18655
1 7 19536
1 8 5357
1 9 11523
1 10 7248
1 11 49387
1 12 30680
1 13 24481
1 14 35645
1 15 25596
1 16 48805
1 17 38241
1 18 43782
1 19 36438
1 20 39976
1 21 43996
1 22 42083
1 23 44199
1 24 26858
1 25 46180
1 26 23763
1 27 37700
1 28 26698
1 29 40662
1 30 37214
1 31 8517
1 32 3945
1 33 10624
1 34 49542
1 35 11303
1 36 20693
1 37 34548
1 38 47190
1 39 42401
1 40 12422
1 41 4437
1 42 41787
1 43 43102
1 44 45269
1 45 27431
1 46 35049
1 47 10425
1 48 32024
1 49 45182
1 50 46863
1 51 21999
1 52 5530
1 53 38945
1 54 32549
1 55 48739
1 56 1476
1 57 6311
1 58 36438
1 59 28174
1 60 46973
1 61 23651
1 62 3042
1 63 917
1 64 34274
1 65 2583
1 66 28571
1 67 21318
1 68 37131
1 69 25760
1 70 30070
1 71 15904
1 72 46549
1 73 38208
1 74 9005
1 75 8169
1 76 15639
1 77 10406
1 78 18594
1 79 14014
1 80 21939
1 81 15456
1 82 2364
1 83 27468
1 84 20752
1 85 34913
1 86 26206
1 87 22227
1 88 41223
1 89 12643
1 90 400
1 91 4547
1 92 2646
1 93 19794
1 94 21816
1 95 3271
1 96 22376
1 97 386
1 98 24589
1 99 25858
1 100 42498
2 3 4658
2 4 41762
2 5 5398
2 6 42866
2 7 17118
2 8 29918
2 9 24856
2 10 43875
2 11 48511
2 12 5221
2 13 15814
2 14 30318
2 15 7584
2 16 43281
2 17 17421
2 18 42496
2 19 35839
2 20 39648
2 21 33719
2 22 48481
2 23 6399
2 24 4617
2 25 17478
2 26 26192
2 27 26432
2 28 20749
2 29 14920
2 30 43170
2 31 11689
2 32 7129
2 33 2019
2 34 32698
2 35 48890
2 36 7416
2 37 41915
2 38 32360
2 39 37333
2 40 33122
2 41 26234
2 42 2196
2 43 38342
2 44 8399
2 45 48865
2 46 45926
2 47 1680
2 48 16286
2 49 38421
2 50 3870
2 51 22285
2 52 38491
2 53 2350
2 54 45035
2 55 43108
2 56 36180
2 57 21227
2 58 19539
2 59 6928
2 60 2498
2 61 29060
2 62 34968
2 63 9626
2 64 31078
2 65 17665
2 66 24868
2 67 38493
2 68 9580
2 69 23579
2 70 42178
2 71 42701
2 72 16164
2 73 44373
2 74 31043
2 75 24563
2 76 43237
2 77 43320
2 78 42594
2 79 25874
2 80 31740
2 81 46463
2 82 48158
2 83 20231
2 84 15164
2 85 43193
2 86 29690
2 87 1343
2 88 30771
2 89 49228
2 90 24622
2 91 33268
2 92 28288
2 93 9589
2 94 9245
2 95 25717
2 96 27254
2 97 464
2 98 14210
2 99 3185
2 100 40394
3 4 22739
3 5 12237
3 6 6558
3 7 33463
3 8 9631
3 9 31120
3 10 43051
3 11 2950
3 12 40065
3 13 18925
3 14 34690
3 15 36527
3 16 17082
3 17 21272
3 18 1690
3 19 26626
3 20 961
3 21 19385
3 22 7396
3 23 16540
3 24 44006
3 25 7015
3 26 11179
3 27 19947
3 28 32612
3 29 36896
3 30 13552
3 31 33075
3 32 17457
3 33 33088
3 34 23469
3 35 40195
3 36 45324
3 37 46378
3 38 23657
3 39 4955
3 40 43849
3 41 16707
3 42 7904
3 43 33913
3 44 1983
3 45 8945
3 46 20439
3 47 19065
3 48 30216
3 49 38480
3 50 45690
3 51 47528
3 52 7864
3 53 19438
3 54 30420
3 55 18222
3 56 26452
3 57 7950
3 58 4520
3 59 9063
3 60 44845
3 61 18071
3 62 8490
3 63 28653
3 64 1158
3 65 48310
3 66 18847
3 67 12833
3 68 44687
3 69 8855
3 70 17787
3 71 38535
3 72 41914
3 73 42043
3 74 22447
3 75 43896
3 76 987
3 77 9237
3 78 29312
3 79 47555
3 80 47716
3 81 41354
3 82 45082
3 83 21932
3 84 10791
3 85 41853
3 86 6505
3 87 3594
3 88 49803
3 89 11024
3 90 12657
3 91 44647
3 92 45446
3 93 21146
3 94 39652
3 95 12955
3 96 19455
3 97 24850
3 98 25787
3 99 30493
3 100 33705
4 5 43574
4 6 19027
4 7 41970
4 8 35616
4 9 7825
4 10 2217
4 11 2954
4 12 17061
4 13 47881
4 14 508
4 15 31128
4 16 39234
4 17 11942
4 18 19411
4 19 16376
4 20 3794
4 21 25915
4 22 19969
4 23 3596
4 24 3290
4 25 48977
4 26 14595
4 27 15087
4 28 20122
4 29 4246
4 30 28041
4 31 5928
4 32 29095
4 33 3828
4 34 2772
4 35 29151
4 36 13753
4 37 38150
4 38 37472
4 39 15720
4 40 45974
4 41 39689
4 42 35025
4 43 29386
4 44 37569
4 45 35533
4 46 26866
4 47 43154
4 48 47474
4 49 12628
4 50 25881
4 51 1267
4 52 38543
4 53 45849
4 54 21215
4 55 8184
4 56 44826
4 57 35809
4 58 23271
4 59 31299
4 60 6406
4 61 17663
4 62 3579
4 63 35500
4 64 37842
4 65 6350
4 66 31003
4 67 1594
4 68 44500
4 69 18474
4 70 33665
4 71 6825
4 72 8162
4 73 18690
4 74 2563
4 75 12082
4 76 20574
4 77 29428
4 78 21587
4 79 18047
4 80 42055
4 81 47467
4 82 35665
4 83 46949
4 84 9668
4 85 6879
4 86 21485
4 87 4493
4 88 9039
4 89 44755
4 90 2143
4 91 15444
4 92 28769
4 93 5721
4 94 17296
4 95 16611
4 96 28423
4 97 48298
4 98 34556
4 99 22922
4 100 33123
5 6 18221
5 7 46098
5 8 41285
5 9 3262
5 10 48660
5 11 19718
5 12 23835
5 13 44439
5 14 41305
5 15 8233
5 16 2846
5 17 5123
5 18 43897
5 19 49794
5 20 14790
5 21 17128
5 22 37630
5 23 35634
5 24 42518
5 25 48736
5 26 4129
5 27 24314
5 28 27505
5 29 9849
5 30 7961
5 31 44115
5 32 4623
5 33 22610
5 34 28670
5 35 43896
5 36 5732
5 37 13242
5 38 39994
5 39 13368
5 40 32855
5 41 5005
5 42 33086
5 43 6689
5 44 49444
5 45 40742
5 46 31273
5 47 2289
5 48 45864
5 49 41522
5 50 18434
5 51 27006
5 52 25001
5 53 6064
5 54 28991
5 55 17518
5 56 21151
5 57 33119
5 58 8183
5 59 48655
5 60 9320
5 61 16143
5 62 9121
5 63 13942
5 64 38752
5 65 37791
5 66 7838
5 67 44484
5 68 17384
5 69 14183
5 70 7851
5 71 239
5 72 19187
5 73 7288
5 74 23279
5 75 18630
5 76 48029
5 77 4552
5 78 37270
5 79 10245
5 80 46073
5 81 5704
5 82 3602
5 83 21073
5 84 28119
5 85 32592
5 86 4942
5 87 49269
5 88 32063
5 89 13125
5 90 14276
5 91 41382
5 92 29267
5 93 23396
5 94 5323
5 95 34371
5 96 11186
5 97 29512
5 98 28854
5 99 44922
5 100 43694
6 7 3056
6 8 45160
6 9 12881
6 10 10344
6 11 34790
6 12 47862
6 13 24724
6 14 39341
6 15 35132
6 16 1320
6 17 1765
6 18 7187
6 19 21273
6 20 39189
6 21 35305
6 22 3865
6 23 44131
6 24 925
6 25 2279
6 26 23607
6 27 15200
6 28 43660
6 29 19225
6 30 38596
6 31 15334
6 32 3595
6 33 16133
6 34 44846
6 35 32448
6 36 27406
6 37 4891
6 38 1856
6 39 22565
6 40 34123
6 41 12199
6 42 23707
6 43 31985
6 44 3274
6 45 13047
6 46 17116
6 47 4594
6 48 31164
6 49 40654
6 50 25866
6 51 20352
6 52 25958
6 53 46082
6 54 30834
6 55 43234
6 56 48360
6 57 4440
6 58 24786
6 59 8371
6 60 23665
6 61 29733
6 62 23705
6 63 27259
6 64 12217
6 65 34902
6 66 26059
6 67 39623
6 68 39792
6 69 27914
6 70 28539
6 71 40267
6 72 6464
6 73 2245
6 74 22251
6 75 26089
6 76 31644
6 77 5718
6 78 30682
6 79 12807
6 80 46371
6 81 22900
6 82 49510
6 83 38680
6 84 35333
6 85 30344
6 86 31913
6 87 45
6 88 1135
6 89 6698
6 90 8415
6 91 41151
6 92 2782
6 93 48471
6 94 34762
6 95 14999
6 96 33372
6 97 27172
6 98 4621
6 99 39516
6 100 21437
7 8 33159
7 9 29782
7 10 27900
7 11 35404
7 12 18384
7 13 3988
7 14 17047
7 15 24101
7 16 1022
7 17 46205
7 18 20471
7 19 40273
7 20 45714
7 21 9150
7 22 41957
7 23 42409
7 24 7414
7 25 42001
7 26 43544
7 27 14112
7 28 16768
7 29 1046
7 30 16893
7 31 15238
7 32 35807
7 33 48243
7 34 14962
7 35 12978
7 36 2863
7 37 20829
7 38 34414
7 39 2374
7 40 610
7 41 28665
7 42 37777
7 43 35345
7 44 49005
7 45 21175
7 46 9445
7 47 26
7 48 33731
7 49 29915
7 50 6650
7 51 45796
7 52 5416
7 53 48606
7 54 38205
7 55 12829
7 56 6959
7 57 48100
7 58 43292
7 59 23726
7 60 49145
7 61 26537
7 62 5315
7 63 34952
7 64 24779
7 65 20276
7 66 14281
7 67 43994
7 68 41104
7 69 48695
7 70 46367
7 71 8065
7 72 27359
7 73 495
7 74 43409
7 75 26363
7 76 38021
7 77 2853
7 78 42740
7 79 21751
7 80 49119
7 81 15741
7 82 17546
7 83 20886
7 84 14347
7 85 5750
7 86 33715
7 87 21305
7 88 3849
7 89 43358
7 90 11382
7 91 2994
7 92 19894
7 93 16696
7 94 4297
7 95 11025
7 96 36972
7 97 18577
7 98 5018
7 99 44427
7 100 33623
8 9 1384
8 10 18844
8 11 10982
8 12 1878
8 13 12252
8 14 3696
8 15 39898
8 16 31457
8 17 12788
8 18 28000
8 19 46927
8 20 28528
8 21 45545
8 22 17813
8 23 9226
8 24 17647
8 25 17879
8 26 30530
8 27 37847
8 28 11236
8 29 8263
8 30 7192
8 31 31130
8 32 24959
8 33 11488
8 34 8506
8 35 28282
8 36 30065
8 37 13523
8 38 22708
8 39 13687
8 40 14906
8 41 41551
8 42 41020
8 43 16783
8 44 20155
8 45 11068
8 46 23032
8 47 17963
8 48 40207
8 49 1031
8 50 14889
8 51 18734
8 52 46575
8 53 49053
8 54 27960
8 55 30573
8 56 16931
8 57 24841
8 58 18420
8 59 44519
8 60 33104
8 61 25611
8 62 42000
8 63 8062
8 64 3451
8 65 505
8 66 2695
8 67 49867
8 68 14027
8 69 25402
8 70 29905
8 71 28932
8 72 33305
8 73 37277
8 74 12066
8 75 19811
8 76 48344
8 77 35097
8 78 37773
8 79 4902
8 80 2479
8 81 19013
8 82 23635
8 83 49053
8 84 34418
8 85 17946
8 86 45978
8 87 1348
8 88 42787
8 89 14397
8 90 45866
8 91 42242
8 92 6359
8 93 4217
8 94 16655
8 95 26161
8 96 4721
8 97 19349
8 98 26027
8 99 18747
8 100 11102
9 10 5932
9 11 14030
9 12 44406
9 13 43208
9 14 26095
9 15 30568
9 16 7903
9 17 27543
9 18 18340
9 19 12804
9 20 30021
9 21 3705
9 22 2790
9 23 45426
9 24 38122
9 25 20736
9 26 41403
9 27 5821
9 28 29874
9 29 22151
9 30 18039
9 31 38467
9 32 44861
9 33 22255
9 34 5121
9 35 21022
9 36 26976
9 37 40821
9 38 47048
9 39 12074
9 40 1922
9 41 19331
9 42 26104
9 43 12680
9 44 28890
9 45 2198
9 46 43247
9 47 36792
9 48 46093
9 49 27939
9 50 15947
9 51 26113
9 52 47995
9 53 35089
9 54 21538
9 55 36116
9 56 5824
9 57 29292
9 58 41936
9 59 2049
9 60 1442
9 61 26326
9 62 40515
9 63 12655
9 64 48581
9 65 11987
9 66 33676
9 67 41908
9 68 2807
9 69 30723
9 70 3981
9 71 4728
9 72 16406
9 73 30084
9 74 17407
9 75 45295
9 76 48634
9 77 27006
9 78 48439
9 79 44726
9 80 21296
9 81 14385
9 82 37190
9 83 19290
9 84 49473
9 85 8728
9 86 5405
9 87 21648
9 88 4371
9 89 13692
9 90 40048
9 91 22165
9 92 6370
9 93 46914
9 94 34819
9 95 4950
9 96 8900
9 97 18494
9 98 46857
9 99 11706
9 100 15568
10 11 17189
10 12 32786
10 13 31973
10 14 47273
10 15 16544
10 16 27268
10 17 12258
10 18 43549
10 19 25706
10 20 6983
10 21 31196
10 22 6442
10 23 44172
10 24 485
10 25 22267
10 26 19251
10 27 22241
10 28 10266
10 29 23622
10 30 35933
10 31 314
10 32 12138
10 33 8654
10 34 47227
10 35 46956
10 36 13603
10 37 22479
10 38 15449
10 39 26811
10 40 34184
10 41 31016
10 42 43999
10 43 33321
10 44 29341
10 45 7623
10 46 49865
10 47 6608
10 48 36232
10 49 9765
10 50 48665
10 51 43214
10 52 40961
10 53 5106
10 54 3738
10 55 41445
10 56 43724
10 57 39340
10 58 13686
10 59 3990
10 60 29313
10 61 15970
10 62 4303
10 63 41450
10 64 24623
10 65 17881
10 66 38405
10 67 4577
10 68 40359
10 69 20205
10 70 47739
10 71 40895
10 72 17573
10 73 8089
10 74 24215
10 75 46913
10 76 15712
10 77 40431
10 78 19872
10 79 1943
10 80 196
10 81 18536
10 82 11509
10 83 41156
10 84 23641
10 85 31598
10 86 48952
10 87 17365
10 88 20937
10 89 28989
10 90 37706
10 91 16602
10 92 11310
10 93 8360
10 94 8051
10 95 2284
10 96 26240
10 97 12808
10 98 6860
10 99 32951
10 100 49364
11 12 4598
11 13 23845
11 14 16936
11 15 12687
11 16 14411
11 17 13848
11 18 44750
11 19 4842
11 20 33719
11 21 13044
11 22 21389
11 23 2254
11 24 40904
11 25 12544
11 26 42247
11 27 22501
11 28 27847
11 29 25963
11 30 9790
11 31 6836
11 32 13668
11 33 42743
11 34 34497
11 35 22027
11 36 17145
11 37 36781
11 38 14618
11 39 29952
11 40 9992
11 41 47568
11 42 29316
11 43 14590
11 44 37764
11 45 12603
11 46 43628
11 47 18527
11 48 26451
11 49 4729
11 50 39720
11 51 26521
11 52 34124
11 53 11108
11 54 45127
11 55 25028
11 56 40003
11 57 3725
11 58 13880
11 59 17849
11 60 46039
11 61 40021
11 62 41036
11 63 26058
11 64 32763
11 65 25533
11 66 14436
11 67 49908
11 68 12313
11 69 45405
11 70 46211
11 71 22304
11 72 42973
11 73 41878
11 74 3245
11 75 47088
11 76 4481
11 77 13224
11 78 31966
11 79 47283
11 80 34304
11 81 21685
11 82 40155
11 83 18428
11 84 32792
11 85 1633
11 86 9807
11 87 22794
11 88 5357
11 89 23686
11 90 6995
11 91 17747
11 92 30059
11 93 48030
11 94 43804
11 95 29173
11 96 23562
11 97 24591
11 98 29080
11 99 2226
11 100 19996
12 13 41643
12 14 24530
12 15 29320
12 16 49872
12 17 44126
12 18 26407
12 19 4352
12 20 7350
12 21 24725
12 22 17986
12 23 41653
12 24 46409
12 25 24493
12 26 26432
12 27 45553
12 28 26125
12 29 36238
12 30 18346
12 31 47834
12 32 26276
12 33 25340
12 34 15580
12 35 22686
12 36 39722
12 37 25736
12 38 1858
12 39 29635
12 40 326
12 41 47290
12 42 31861
12 43 20321
12 44 38932
12 45 22742
12 46 49640
12 47 38803
12 48 16867
12 49 42399
12 50 9507
12 51 40568
12 52 33475
12 53 43844
12 54 48573
12 55 29883
12 56 18336
12 57 25004
12 58 25435
12 59 10813
12 60 27594
12 61 10133
12 62 8646
12 63 20221
12 64 1824
12 65 24225
12 66 42906
12 67 41545
12 68 16312
12 69 44763
12 70 21180
12 71 16638
12 72 42052
12 73 19392
12 74 3310
12 75 47335
12 76 42133
12 77 19302
12 78 2490
12 79 25351
12 80 28052
12 81 11996
12 82 15919
12 83 11526
12 84 22191
12 85 30843
12 86 7760
12 87 6879
12 88 22198
12 89 49547
12 90 17691
12 91 49791
12 92 9679
12 93 26336
12 94 36363
12 95 27854
12 96 16912
12 97 29268
12 98 35751
12 99 33224
12 100 24031
13 14 23282
13 15 16213
13 16 32434
13 17 42673
13 18 35874
13 19 29769
13 20 1157
13 21 5175
13 22 32258
13 23 26507
13 24 49578
13 25 10605
13 26 8777
13 27 11103
13 28 32795
13 29 39619
13 30 35215
13 31 39673
13 32 11817
13 33 34761
13 34 7363
13 35 27959
13 36 10791
13 37 50
13 38 14322
13 39 38644
13 40 16962
13 41 43589
13 42 40746
13 43 16537
13 44 33971
13 45 14027
13 46 32749
13 47 16405
13 48 23051
13 49 34974
13 50 46173
13 51 24207
13 52 6501
13 53 44782
13 54 714
13 55 6078
13 56 5386
13 57 9490
13 58 33533
13 59 4532
13 60 15461
13 61 18747
13 62 10557
13 63 27277
13 64 3507
13 65 34271
13 66 5235
13 67 30649
13 68 34321
13 69 35908
13 70 19292
13 71 17634
13 72 29497
13 73 26390
13 74 34170
13 75 13467
13 76 40416
13 77 33270
13 78 46223
13 79 29819
13 80 34595
13 81 42395
13 82 4025
13 83 41095
13 84 3528
13 85 21090
13 86 47173
13 87 8913
13 88 46932
13 89 30705
13 90 29797
13 91 12392
13 92 49451
13 93 6705
13 94 6020
13 95 19309
13 96 40975
13 97 27606
13 98 49957
13 99 41647
13 100 13514
14 15 35600
14 16 25632
14 17 9362
14 18 11989
14 19 26153
14 20 39180
14 21 18757
14 22 25774
14 23 35403
14 24 48575
14 25 10369
14 26 44149
14 27 18951
14 28 1463
14 29 47677
14 30 6393
14 31 14987
14 32 22941
14 33 3324
14 34 45691
14 35 19089
14 36 32067
14 37 11493
14 38 25793
14 39 38086
14 40 47153
14 41 33120
14 42 32043
14 43 13461
14 44 24766
14 45 45556
14 46 15413
14 47 16750
14 48 21269
14 49 27401
14 50 42902
14 51 10449
14 52 12509
14 53 18676
14 54 12203
14 55 27435
14 56 45396
14 57 6351
14 58 12738
14 59 13210
14 60 20379
14 61 19130
14 62 28197
14 63 43320
14 64 38805
14 65 40239
14 66 12408
14 67 20871
14 68 1732
14 69 4553
14 70 25308
14 71 15236
14 72 37672
14 73 7350
14 74 28697
14 75 28789
14 76 19258
14 77 44109
14 78 45538
14 79 6878
14 80 37861
14 81 4792
14 82 33678
14 83 16722
14 84 23467
14 85 45880
14 86 10508
14 87 35214
14 88 18583
14 89 23245
14 90 48423
14 91 38961
14 92 8726
14 93 26619
14 94 48632
14 95 47530
14 96 16858
14 97 27392
14 98 34752
14 99 34941
14 100 31944
15 16 26411
15 17 16528
15 18 35967
15 19 33761
15 20 11576
15 21 14755
15 22 19370
15 23 22036
15 24 26645
15 25 26247
15 26 26249
15 27 31436
15 28 26277
15 29 42970
15 30 21254
15 31 22156
15 32 19829
15 33 6467
15 34 7090
15 35 9426
15 36 4889
15 37 46051
15 38 18151
15 39 47860
15 40 11034
15 41 32033
15 42 31069
15 43 4777
15 44 16784
15 45 16009
15 46 3072
15 47 43195
15 48 48888
15 49 39038
15 50 43307
15 51 10464
15 52 20145
15 53 29028
15 54 32499
15 55 46789
15 56 21626
15 57 25099
15 58 28224
15 59 47902
15 60 18068
15 61 49477
15 62 20058
15 63 4249
15 64 22295
15 65 27147
15 66 13674
15 67 27183
15 68 39549
15 69 31824
15 70 41394
15 71 16935
15 72 30208
15 73 22462
15 74 21711
15 75 46992
15 76 4822
15 77 24783
15 78 6538
15 79 20062
15 80 30172
15 81 16196
15 82 30525
15 83 316
15 84 45223
15 85 29375
15 86 47104
15 87 16848
15 88 4474
15 89 25327
15 90 14750
15 91 38893
15 92 41155
15 93 1159
15 94 43141
15 95 13449
15 96 44657
15 97 6814
15 98 6984
15 99 558
15 100 4990
16 17 48377
16 18 17492
16 19 35197
16 20 37191
16 21 5554
16 22 48540
16 23 8364
16 24 46688
16 25 5077
16 26 28425
16 27 26860
16 28 37624
16 29 8949
16 30 27175
16 31 32846
16 32 4676
16 33 24279
16 34 49694
16 35 9149
16 36 15957
16 37 30795
16 38 14393
16 39 7112
16 40 48305
16 41 7534
16 42 36912
16 43 9313
16 44 30699
16 45 43895
16 46 26222
16 47 2040
16 48 8624
16 49 10065
16 50 37237
16 51 45814
16 52 15619
16 53 2128
16 54 4177
16 55 12306
16 56 23557
16 57 32602
16 58 5517
16 59 11180
16 60 7902
16 61 32692
16 62 44026
16 63 12577
16 64 23322
16 65 10071
16 66 21725
16 67 5630
16 68 7217
16 69 36118
16 70 29093
16 71 21873
16 72 10003
16 73 16005
16 74 31185
16 75 7053
16 76 26251
16 77 7407
16 78 9093
16 79 34874
16 80 33823
16 81 46329
16 82 30687
16 83 49441
16 84 14808
16 85 1216
16 86 28099
16 87 38364
16 88 33817
16 89 33615
16 90 49544
16 91 8070
16 92 32658
16 93 9921
16 94 20647
16 95 22331
16 96 19991
16 97 8723
16 98 44313
16 99 43559
16 100 11192
17 18 23405
17 19 15431
17 20 37546
17 21 5761
17 22 12967
17 23 44599
17 24 32012
17 25 36725
17 26 3691
17 27 16885
17 28 20548
17 29 16371
17 30 13924
17 31 19988
17 32 31178
17 33 15139
17 34 14438
17 35 19542
17 36 15307
17 37 14405
17 38 19085
17 39 23376
17 40 13414
17 41 29005
17 42 10374
17 43 2097
17 44 15347
17 45 19097
17 46 46409
17 47 8905
17 48 46640
17 49 36165
17 50 40687
17 51 34186
17 52 41926
17 53 3653
17 54 28784
17 55 40289
17 56 40378
17 57 48826
17 58 7173
17 59 10925
17 60 15196
17 61 37448
17 62 47264
17 63 46373
17 64 18938
17 65 28054
17 66 15914
17 67 34244
17 68 42458
17 69 1350
17 70 23972
17 71 22223
17 72 46706
17 73 34345
17 74 24319
17 75 28404
17 76 19793
17 77 20727
17 78 3660
17 79 32785
17 80 6892
17 81 44346
17 82 16970
17 83 15169
17 84 47999
17 85 12105
17 86 5457
17 87 4728
17 88 10930
17 89 28981
17 90 15652
17 91 26125
17 92 16429
17 93 29267
17 94 38849
17 95 35366
17 96 7320
17 97 21115
17 98 35962
17 99 16129
17 100 22464
18 19 9933
18 20 38352
18 21 35522
18 22 10629
18 23 12670
18 24 30277
18 25 46774
18 26 33397
18 27 33937
18 28 29558
18 29 6640
18 30 44634
18 31 12879
18 32 21808
18 33 42632
18 34 24983
18 35 43616
18 36 13711
18 37 2264
18 38 22596
18 39 45714
18 40 28388
18 41 39024
18 42 24981
18 43 17236
18 44 24390
18 45 48652
18 46 38350
18 47 26703
18 48 14781
18 49 27166
18 50 2987
18 51 3132
18 52 29039
18 53 13615
18 54 15801
18 55 9315
18 56 26740
18 57 15549
18 58 9603
18 59 22649
18 60 38540
18 61 4237
18 62 35527
18 63 26699
18 64 13220
18 65 26861
18 66 20314
18 67 26931
18 68 29124
18 69 42910
18 70 22644
18 71 7511
18 72 31933
18 73 13976
18 74 41099
18 75 22674
18 76 12628
18 77 45800
18 78 15728
18 79 27408
18 80 39317
18 81 18714
18 82 30539
18 83 18355
18 84 48681
18 85 12691
18 86 44022
18 87 25420
18 88 44592
18 89 3624
18 90 48069
18 91 33131
18 92 7860
18 93 49947
18 94 26182
18 95 21080
18 96 26808
18 97 46495
18 98 48010
18 99 5931
18 100 39404
19 20 37005
19 21 29794
19 22 37689
19 23 981
19 24 37244
19 25 26714
19 26 13608
19 27 33043
19 28 42442
19 29 7367
19 30 38712
19 31 27507
19 32 37905
19 33 7066
19 34 26187
19 35 16947
19 36 1087
19 37 1607
19 38 11538
19 39 21063
19 40 16027
19 41 11021
19 42 28922
19 43 32325
19 44 37202
19 45 16353
19 46 9132
19 47 48
19 48 30714
19 49 31415
19 50 5804
19 51 17719
19 52 27560
19 53 9844
19 54 35051
19 55 14803
19 56 36557
19 57 48658
19 58 14197
19 59 45350
19 60 6024
19 61 2908
19 62 22857
19 63 10280
19 64 26326
19 65 49043
19 66 43578
19 67 43764
19 68 17001
19 69 21468
19 70 14826
19 71 49379
19 72 48840
19 73 10100
19 74 31704
19 75 2393
19 76 26452
19 77 7187
19 78 2440
19 79 7166
19 80 38601
19 81 8243
19 82 41236
19 83 32512
19 84 18086
19 85 26286
19 86 47314
19 87 20995
19 88 41295
19 89 27863
19 90 32696
19 91 13670
19 92 47122
19 93 5552
19 94 40301
19 95 23447
19 96 20947
19 97 33878
19 98 17211
19 99 4299
19 100 21697
20 21 48388
20 22 20030
20 23 20536
20 24 8487
20 25 1733
20 26 22928
20 27 34939
20 28 25271
20 29 25368
20 30 8456
20 31 13872
20 32 49962
20 33 16043
20 34 46383
20 35 34400
20 36 8680
20 37 10049
20 38 21746
20 39 49974
20 40 4263
20 41 4441
20 42 29995
20 43 1384
20 44 26345
20 45 36647
20 46 41183
20 47 13643
20 48 36876
20 49 24745
20 50 17941
20 51 8573
20 52 23132
20 53 4322
20 54 29108
20 55 31619
20 56 6054
20 57 2036
20 58 32909
20 59 47677
20 60 43755
20 61 7716
20 62 11548
20 63 43716
20 64 23758
20 65 24282
20 66 44467
20 67 32437
20 68 682
20 69 16212
20 70 48762
20 71 4944
20 72 20653
20 73 28756
20 74 22680
20 75 46997
20 76 15402
20 77 30214
20 78 10639
20 79 2277
20 80 4958
20 81 44931
20 82 27201
20 83 44441
20 84 49253
20 85 6309
20 86 26059
20 87 21658
20 88 8344
20 89 25319
20 90 19334
20 91 18450
20 92 33034
20 93 47233
20 94 12165
20 95 6791
20 96 37867
20 97 6632
20 98 5579
20 99 38548
20 100 22843
21 22 4340
21 23 9844
21 24 9847
21 25 33095
21 26 48875
21 27 23195
21 28 14848
21 29 29088
21 30 33833
21 31 33477
21 32 397
21 33 45116
21 34 10677
21 35 44837
21 36 44368
21 37 16985
21 38 37248
21 39 16025
21 40 41680
21 41 12566
21 42 1711
21 43 10129
21 44 11952
21 45 48943
21 46 38646
21 47 35094
21 48 36809
21 49 11629
21 50 40673
21 51 41709
21 52 823
21 53 45012
21 54 17904
21 55 10670
21 56 28107
21 57 16778
21 58 33864
21 59 9306
21 60 12217
21 61 34049
21 62 42782
21 63 12613
21 64 29164
21 65 19811
21 66 7449
21 67 39883
21 68 36795
21 69 44696
21 70 22259
21 71 44827
21 72 23614
21 73 23969
21 74 21307
21 75 35565
21 76 22912
21 77 9952
21 78 20658
21 79 26072
21 80 37932
21 81 11330
21 82 34132
21 83 38755
21 84 22694
21 85 2035
21 86 15776
21 87 17152
21 88 35164
21 89 49639
21 90 26457
21 91 47380
21 92 39
21 93 35591
21 94 26344
21 95 29202
21 96 5401
21 97 33793
21 98 35436
21 99 8547
21 100 44840
22 23 7695
22 24 3373
22 25 18453
22 26 31663
22 27 41032
22 28 20369
22 29 20926
22 30 17335
22 31 7379
22 32 13350
22 33 5267
22 34 35060
22 35 47481
22 36 10373
22 37 7753
22 38 15868
22 39 26148
22 40 24904
22 41 1031
22 42 42138
22 43 1361
22 44 14763
22 45 42177
22 46 3303
22 47 41106
22 48 37730
22 49 8703
22 50 24898
22 51 23166
22 52 17249
22 53 36090
22 54 30860
22 55 36974
22 56 20894
22 57 12522
22 58 44357
22 59 41263
22 60 49800
22 61 11691
22 62 14993
22 63 13149
22 64 16957
22 65 52
22 66 26981
22 67 43681
22 68 24157
22 69 42848
22 70 19828
22 71 49060
22 72 43879
22 73 11966
22 74 16772
22 75 8641
22 76 20494
22 77 20074
22 78 16098
22 79 8223
22 80 28776
22 81 40996
22 82 47740
22 83 12377
22 84 43437
22 85 28599
22 86 15702
22 87 14330
22 88 7473
22 89 10058
22 90 21944
22 91 7272
22 92 38100
22 93 3288
22 94 36772
22 95 21409
22 96 3340
22 97 13752
22 98 15089
22 99 27496
22 100 6600
23 24 34917
23 25 42907
23 26 16830
23 27 13234
23 28 9679
23 29 41822
23 30 33727
23 31 46104
23 32 7919
23 33 41949
23 34 24880
23 35 15266
23 36 39689
23 37 3608
23 38 8702
23 39 34639
23 40 35661
23 41 39384
23 42 42111
23 43 12070
23 44 27679
23 45 15734
23 46 169
23 47 30967
23 48 18857
23 49 21577
23 50 658
23 51 48961
23 52 3018
23 53 44505
23 54 21912
23 55 37934
23 56 37411
23 57 38741
23 58 17519
23 59 13441
23 60 46914
23 61 1245
23 62 9545
23 63 4832
23 64 9545
23 65 776
23 66 36450
23 67 15585
23 68 4383
23 69 11503
23 70 224
23 71 6395
23 72 17238
23 73 8686
23 74 18464
23 75 44917
23 76 40772
23 77 34984
23 78 42235
23 79 25980
23 80 22913
23 81 42892
23 82 24940
23 83 25930
23 84 37396
23 85 46851
23 86 30215
23 87 41158
23 88 1943
23 89 47733
23 90 4599
23 91 48856
23 92 48977
23 93 14143
23 94 20040
23 95 8521
23 96 14918
23 97 22841
23 98 40458
23 99 35652
23 100 34343
24 25 7033
24 26 42046
24 27 1581
24 28 15718
24 29 10509
24 30 12849
24 31 22841
24 32 11844
24 33 5083
24 34 48821
24 35 34756
24 36 14326
24 37 23760
24 38 10685
24 39 1721
24 40 36963
24 41 40899
24 42 42878
24 43 38905
24 44 38631
24 45 47476
24 46 4113
24 47 37607
24 48 27970
24 49 40504
24 50 12480
24 51 42887
24 52 13344
24 53 2937
24 54 28538
24 55 47686
24 56 9969
24 57 20583
24 58 15618
24 59 42038
24 60 47443
24 61 28466
24 62 31231
24 63 9287
24 64 49900
24 65 30051
24 66 44042
24 67 14225
24 68 20162
24 69 4727
24 70 32297
24 71 7124
24 72 11977
24 73 41527
24 74 12381
24 75 608
24 76 5354
24 77 16493
24 78 4566
24 79 33324
24 80 23348
24 81 17045
24 82 26210
24 83 36691
24 84 36333
24 85 4748
24 86 728
24 87 12653
24 88 41682
24 89 16346
24 90 21043
24 91 5477
24 92 11163
24 93 2273
24 94 14763
24 95 11063
24 96 48675
24 97 25156
24 98 41639
24 99 35188
24 100 29882
25 26 23936
25 27 8664
25 28 41859
25 29 15462
25 30 21044
25 31 8818
25 32 37167
25 33 3888
25 34 13383
25 35 20490
25 36 27235
25 37 46780
25 38 13052
25 39 13925
25 40 49464
25 41 34151
25 42 14652
25 43 28469
25 44 25832
25 45 47349
25 46 15863
25 47 31308
25 48 8512
25 49 18135
25 50 12422
25 51 35926
25 52 33161
25 53 37578
25 54 27564
25 55 18348
25 56 33811
25 57 17851
25 58 27011
25 59 42021
25 60 49664
25 61 14406
25 62 838
25 63 36831
25 64 34645
25 65 30573
25 66 23672
25 67 11879
25 68 43704
25 69 36723
25 70 42155
25 71 43167
25 72 37225
25 73 23159
25 74 37987
25 75 29409
25 76 36859
25 77 3849
25 78 27068
25 79 11722
25 80 21983
25 81 39490
25 82 47647
25 83 21495
25 84 43419
25 85 41563
25 86 39843
25 87 27229
25 88 25765
25 89 33205
25 90 35602
25 91 25429
25 92 47611
25 93 36439
25 94 28611
25 95 32255
25 96 33363
25 97 18634
25 98 10486
25 99 27066
25 100 21709
26 27 18992
26 28 36585
26 29 8933
26 30 8502
26 31 24571
26 32 38341
26 33 11713
26 34 28420
26 35 15409
26 36 23434
26 37 16754
26 38 21250
26 39 37433
26 40 38249
26 41 14668
26 42 45347
26 43 28091
26 44 8248
26 45 21111
26 46 27647
26 47 43849
26 48 12891
26 49 41609
26 50 46640
26 51 7853
26 52 40216
26 53 30002
26 54 26487
26 55 17053
26 56 7068
26 57 48195
26 58 36044
26 59 43652
26 60 23479
26 61 10898
26 62 18222
26 63 11820
26 64 22610
26 65 12993
26 66 43580
26 67 12395
26 68 29747
26 69 14829
26 70 49827
26 71 17995
26 72 45848
26 73 11525
26 74 12437
26 75 4095
26 76 32636
26 77 40083
26 78 47944
26 79 11878
26 80 31692
26 81 10935
26 82 19731
26 83 21907
26 84 40936
26 85 12569
26 86 38959
26 87 14355
26 88 27115
26 89 41354
26 90 24358
26 91 593
26 92 18603
26 93 42580
26 94 28764
26 95 7564
26 96 21924
26 97 38695
26 98 19959
26 99 1670
26 100 3523
27 28 36137
27 29 19664
27 30 15722
27 31 14014
27 32 48452
27 33 36169
27 34 46649
27 35 38535
27 36 34112
27 37 24878
27 38 36578
27 39 11398
27 40 44608
27 41 24836
27 42 2333
27 43 23528
27 44 30146
27 45 16688
27 46 642
27 47 37851
27 48 41045
27 49 1235
27 50 6454
27 51 49976
27 52 46350
27 53 30369
27 54 21900
27 55 35045
27 56 16679
27 57 39921
27 58 4919
27 59 19168
27 60 9585
27 61 20641
27 62 33181
27 63 8036
27 64 23161
27 65 46181
27 66 12922
27 67 23624
27 68 21058
27 69 15851
27 70 35021
27 71 15666
27 72 7038
27 73 37353
27 74 39193
27 75 37183
27 76 20392
27 77 6187
27 78 41386
27 79 11437
27 80 23773
27 81 14191
27 82 27764
27 83 20122
27 84 44559
27 85 16015
27 86 21518
27 87 11238
27 88 5936
27 89 26437
27 90 46757
27 91 15520
27 92 13429
27 93 29937
27 94 39907
27 95 36589
27 96 26117
27 97 19181
27 98 10212
27 99 47174
27 100 1383
28 29 45232
28 30 29191
28 31 8421
28 32 48936
28 33 34736
28 34 11955
28 35 19328
28 36 40922
28 37 19692
28 38 47116
28 39 14694
28 40 33882
28 41 24879
28 42 1167
28 43 28441
28 44 40894
28 45 22685
28 46 6030
28 47 46829
28 48 15473
28 49 19138
28 50 28700
28 51 45253
28 52 49074
28 53 34958
28 54 31841
28 55 41542
28 56 4138
28 57 8404
28 58 38715
28 59 21873
28 60 19987
28 61 34258
28 62 46645
28 63 18922
28 64 18993
28 65 8599
28 66 38249
28 67 26266
28 68 28291
28 69 35364
28 70 40959
28 71 28524
28 72 10243
28 73 8477
28 74 6964
28 75 17488
28 76 31161
28 77 29345
28 78 14316
28 79 12985
28 80 48482
28 81 43015
28 82 8237
28 83 13907
28 84 44324
28 85 40077
28 86 5448
28 87 14814
28 88 14832
28 89 10515
28 90 36686
28 91 34818
28 92 11124
28 93 33330
28 94 3740
28 95 30116
28 96 8280
28 97 41988
28 98 6381
28 99 2922
28 100 43704
29 30 13691
29 31 31446
29 32 3946
29 33 22167
29 34 4761
29 35 37785
29 36 19680
29 37 34106
29 38 2100
29 39 32664
29 40 48939
29 41 11466
29 42 40901
29 43 29198
29 44 5789
29 45 47329
29 46 34645
29 47 36954
29 48 12161
29 49 11511
29 50 23639
29 51 13330
29 52 22634
29 53 6968
29 54 17069
29 55 19101
29 56 31600
29 57 25409
29 58 41833
29 59 34521
29 60 19112
29 61 5523
29 62 15966
29 63 39409
29 64 44042
29 65 20727
29 66 27193
29 67 30073
29 68 21184
29 69 45644
29 70 29088
29 71 20122
29 72 7109
29 73 19988
29 74 15671
29 75 29249
29 76 33669
29 77 316
29 78 16203
29 79 12181
29 80 28178
29 81 6193
29 82 25510
29 83 17164
29 84 29513
29 85 42579
29 86 36264
29 87 11112
29 88 34339
29 89 44449
29 90 45632
29 91 3450
29 92 49971
29 93 27950
29 94 42858
29 95 10364
29 96 15028
29 97 20050
29 98 6788
29 99 36211
29 100 15693
30 31 35876
30 32 22684
30 33 39153
30 34 22215
30 35 38355
30 36 34753
30 37 5883
30 38 5022
30 39 17307
30 40 34415
30 41 33199
30 42 39852
30 43 26277
30 44 16714
30 45 19364
30 46 35207
30 47 2978
30 48 30475
30 49 19545
30 50 47426
30 51 42458
30 52 22994
30 53 13748
30 54 36759
30 55 15851
30 56 40464
30 57 1786
30 58 2252
30 59 47251
30 60 4348
30 61 34296
30 62 33126
30 63 27032
30 64 39800
30 65 21693
30 66 15386
30 67 40904
30 68 27575
30 69 36759
30 70 24563
30 71 28342
30 72 36309
30 73 14414
30 74 4618
30 75 3023
30 76 33777
30 77 39824
30 78 22352
30 79 30603
30 80 9368
30 81 19777
30 82 39412
30 83 48713
30 84 49876
30 85 42523
30 86 30915
30 87 6691
30 88 44308
30 89 49518
30 90 20294
30 91 48656
30 92 33813
30 93 19771
30 94 42039
30 95 39964
30 96 41463
30 97 23776
30 98 30867
30 99 35390
30 100 10534
31 32 21781
31 33 13731
31 34 46842
31 35 36194
31 36 34700
31 37 49864
31 38 36322
31 39 24523
31 40 22215
31 41 16924
31 42 242
31 43 8343
31 44 22688
31 45 48954
31 46 24571
31 47 15210
31 48 46220
31 49 31261
31 50 25869
31 51 45737
31 52 17906
31 53 40876
31 54 45901
31 55 37677
31 56 32914
31 57 35864
31 58 29139
31 59 6689
31 60 33082
31 61 14528
31 62 17222
31 63 4863
31 64 28258
31 65 30416
31 66 41056
31 67 12957
31 68 30279
31 69 43730
31 70 3831
31 71 18846
31 72 27005
31 73 20424
31 74 27188
31 75 49692
31 76 35729
31 77 18110
31 78 31253
31 79 31948
31 80 15723
31 81 7122
31 82 27684
31 83 33628
31 84 14349
31 85 23584
31 86 21304
31 87 47263
31 88 25799
31 89 443
31 90 3951
31 91 8881
31 92 31322
31 93 37525
31 94 13743
31 95 25932
31 96 34292
31 97 21150
31 98 5240
31 99 14570
31 100 31231
32 33 9071
32 34 49767
32 35 8236
32 36 45846
32 37 43307
32 38 7927
32 39 31575
32 40 11416
32 41 5532
32 42 13522
32 43 27138
32 44 29005
32 45 7558
32 46 10766
32 47 43353
32 48 47493
32 49 48421
32 50 40615
32 51 23292
32 52 15215
32 53 10918
32 54 32172
32 55 46537
32 56 14794
32 57 12266
32 58 22468
32 59 49085
32 60 49767
32 61 27707
32 62 30006
32 63 30998
32 64 3129
32 65 29773
32 66 39233
32 67 15327
32 68 39431
32 69 13511
32 70 46901
32 71 846
32 72 35394
32 73 26774
32 74 44336
32 75 14398
32 76 34331
32 77 21453
32 78 7751
32 79 31824
32 80 19873
32 81 14717
32 82 21467
32 83 1440
32 84 41986
32 85 3638
32 86 47976
32 87 23131
32 88 32255
32 89 36795
32 90 22215
32 91 48373
32 92 30853
32 93 18573
32 94 29370
32 95 334
32 96 14697
32 97 34954
32 98 15660
32 99 4127
32 100 14817
33 34 12560
33 35 4972
33 36 210
33 37 39333
33 38 15659
33 39 30960
33 40 40016
33 41 37111
33 42 5062
33 43 21839
33 44 23336
33 45 19778
33 46 43305
33 47 24775
33 48 28116
33 49 13294
33 50 22750
33 51 1246
33 52 11900
33 53 25896
33 54 39813
33 55 10272
33 56 6748
33 57 24737
33 58 5994
33 59 7081
33 60 39433
33 61 40947
33 62 39092
33 63 43559
33 64 22115
33 65 1651
33 66 14882
33 67 22325
33 68 7336
33 69 30541
33 70 3284
33 71 47351
33 72 34003
33 73 8345
33 74 35541
33 75 7338
33 76 44474
33 77 45197
33 78 32112
33 79 38941
33 80 24842
33 81 21213
33 82 40187
33 83 36741
33 84 47108
33 85 46351
33 86 13364
33 87 3856
33 88 21087
33 89 19357
33 90 27288
33 91 10519
33 92 26656
33 93 16380
33 94 20429
33 95 48770
33 96 34382
33 97 1662
33 98 37446
33 99 41717
33 100 48554
34 35 40729
34 36 5419
34 37 32557
34 38 15425
34 39 40959
34 40 39894
34 41 26251
34 42 2507
34 43 22006
34 44 15191
34 45 27348
34 46 9570
34 47 21729
34 48 30440
34 49 6678
34 50 18079
34 51 43804
34 52 10533
34 53 5517
34 54 13160
34 55 4172
34 56 32387
34 57 39815
34 58 36903
34 59 19167
34 60 4937
34 61 21285
34 62 20829
34 63 42382
34 64 13001
34 65 19382
34 66 49463
34 67 34772
34 68 1938
34 69 31239
34 70 25730
34 71 8184
34 72 7489
34 73 44589
34 74 46541
34 75 22680
34 76 21936
34 77 6110
34 78 10760
34 79 2376
34 80 12787
34 81 45191
34 82 46179
34 83 39671
34 84 707
34 85 25690
34 86 10195
34 87 49446
34 88 15505
34 89 47097
34 90 18612
34 91 36793
34 92 18381
34 93 5792
34 94 29174
34 95 47734
34 96 25174
34 97 28636
34 98 32505
34 99 43463
34 100 9875
35 36 24586
35 37 1646
35 38 33715
35 39 19174
35 40 14538
35 41 22746
35 42 7462
35 43 20648
35 44 33506
35 45 26189
35 46 33434
35 47 28696
35 48 38719
35 49 39457
35 50 45754
35 51 14408
35 52 49651
35 53 45199
35 54 46264
35 55 46747
35 56 30163
35 57 33056
35 58 31480
35 59 35954
35 60 12230
35 61 29213
35 62 11127
35 63 7217
35 64 28069
35 65 20942
35 66 33443
35 67 2654
35 68 38939
35 69 17158
35 70 38180
35 71 3477
35 72 39903
35 73 45641
35 74 24124
35 75 39760
35 76 38181
35 77 23909
35 78 34807
35 79 26899
35 80 29717
35 81 30561
35 82 41306
35 83 29367
35 84 42111
35 85 37570
35 86 42466
35 87 22273
35 88 36977
35 89 23945
35 90 8227
35 91 15558
35 92 19509
35 93 35705
35 94 39127
35 95 47577
35 96 22998
35 97 22569
35 98 16582
35 99 11937
35 100 6078
36 37 4761
36 38 31765
36 39 12333
36 40 16753
36 41 5888
36 42 2092
36 43 4933
36 44 46148
36 45 36899
36 46 48183
36 47 42217
36 48 33811
36 49 39489
36 50 37935
36 51 25921
36 52 43410
36 53 30400
36 54 14546
36 55 46738
36 56 20696
36 57 39124
36 58 12296
36 59 6556
36 60 41180
36 61 1422
36 62 4132
36 63 14178
36 64 40342
36 65 37066
36 66 42466
36 67 46420
36 68 41826
36 69 24230
36 70 25104
36 71 24931
36 72 46469
36 73 43547
36 74 46215
36 75 42616
36 76 30445
36 77 44398
36 78 34832
36 79 30607
36 80 238
36 81 39119
36 82 6528
36 83 43647
36 84 19518
36 85 21073
36 86 40384
36 87 6566
36 88 26548
36 89 19031
36 90 13121
36 91 17727
36 92 36804
36 93 33605
36 94 31904
36 95 27146
36 96 20670
36 97 24369
36 98 39917
36 99 28847
36 100 48598
37 38 31372
37 39 20129
37 40 11418
37 41 24918
37 42 16344
37 43 4034
37 44 21715
37 45 27093
37 46 5217
37 47 2321
37 48 27330
37 49 44335
37 50 8848
37 51 37328
37 52 30205
37 53 46272
37 54 44063
37 55 3122
37 56 22819
37 57 13094
37 58 16242
37 59 40546
37 60 16249
37 61 16198
37 62 38801
37 63 43394
37 64 3219
37 65 29522
37 66 49662
37 67 32066
37 68 28119
37 69 31033
37 70 18546
37 71 39537
37 72 5951
37 73 1241
37 74 9922
37 75 27665
37 76 28333
37 77 31490
37 78 29985
37 79 5662
37 80 42177
37 81 5185
37 82 9341
37 83 38733
37 84 17808
37 85 3404
37 86 41854
37 87 6979
37 88 32849
37 89 24447
37 90 13876
37 91 49097
37 92 40645
37 93 2676
37 94 8843
37 95 43863
37 96 32197
37 97 8504
37 98 42280
37 99 26668
37 100 5889
38 39 27178
38 40 32556
38 41 11839
38 42 28418
38 43 8829
38 44 5855
38 45 6751
38 46 6670
38 47 2191
38 48 28764
38 49 15198
38 50 7375
38 51 38105
38 52 3930
38 53 41535
38 54 7860
38 55 12135
38 56 14865
38 57 40708
38 58 36582
38 59 28740
38 60 6156
38 61 43578
38 62 47767
38 63 14998
38 64 3792
38 65 46316
38 66 39854
38 67 46072
38 68 39335
38 69 45742
38 70 23249
38 71 38242
38 72 23932
38 73 18018
38 74 47070
38 75 29786
38 76 24768
38 77 20091
38 78 31976
38 79 19884
38 80 35289
38 81 5703
38 82 24340
38 83 39218
38 84 47237
38 85 32199
38 86 1353
38 87 12101
38 88 39258
38 89 4286
38 90 7192
38 91 45413
38 92 47863
38 93 21310
38 94 26763
38 95 1654
38 96 17625
38 97 16616
38 98 14077
38 99 23311
38 100 12357
39 40 3677
39 41 11552
39 42 2640
39 43 21695
39 44 24973
39 45 32425
39 46 46462
39 47 45064
39 48 14400
39 49 32697
39 50 30352
39 51 20102
39 52 7036
39 53 35921
39 54 33690
39 55 39234
39 56 3625
39 57 12142
39 58 28491
39 59 7910
39 60 35685
39 61 40256
39 62 5772
39 63 6995
39 64 17018
39 65 23778
39 66 40971
39 67 49985
39 68 37854
39 69 14282
39 70 28693
39 71 41531
39 72 42185
39 73 31332
39 74 13225
39 75 17158
39 76 13756
39 77 26038
39 78 28573
39 79 44507
39 80 8735
39 81 25276
39 82 30961
39 83 15770
39 84 11196
39 85 14650
39 86 21356
39 87 31173
39 88 43144
39 89 16198
39 90 39082
39 91 28828
39 92 6453
39 93 11206
39 94 35822
39 95 39822
39 96 34983
39 97 26793
39 98 39806
39 99 22836
39 100 7426
40 41 18498
40 42 30718
40 43 49610
40 44 16181
40 45 43942
40 46 33119
40 47 29936
40 48 36332
40 49 11691
40 50 24443
40 51 45066
40 52 36966
40 53 5403
40 54 27187
40 55 14514
40 56 36404
40 57 48542
40 58 45686
40 59 29547
40 60 31092
40 61 34767
40 62 8375
40 63 37544
40 64 12324
40 65 44196
40 66 43718
40 67 47306
40 68 37340
40 69 49875
40 70 36494
40 71 44765
40 72 34725
40 73 17211
40 74 10727
40 75 905
40 76 27505
40 77 43845
40 78 47193
40 79 13836
40 80 5536
40 81 21635
40 82 25253
40 83 8853
40 84 43389
40 85 2439
40 86 23366
40 87 46144
40 88 17333
40 89 35403
40 90 42043
40 91 48424
40 92 36522
40 93 417
40 94 2319
40 95 48845
40 96 10964
40 97 12388
40 98 12503
40 99 14656
40 100 12263
41 42 48996
41 43 9420
41 44 46987
41 45 32558
41 46 36498
41 47 47891
41 48 10062
41 49 30343
41 50 45083
41 51 23897
41 52 2230
41 53 33069
41 54 15501
41 55 11082
41 56 42809
41 57 17940
41 58 800
41 59 5305
41 60 1624
41 61 36202
41 62 47347
41 63 16399
41 64 22723
41 65 47763
41 66 18717
41 67 21568
41 68 25078
41 69 31105
41 70 422
41 71 39733
41 72 9719
41 73 49417
41 74 15505
41 75 6705
41 76 48326
41 77 2002
41 78 20947
41 79 8388
41 80 48696
41 81 32382
41 82 48636
41 83 925
41 84 15450
41 85 14137
41 86 28359
41 87 24611
41 88 48428
41 89 29158
41 90 29915
41 91 51
41 92 15359
41 93 27261
41 94 16449
41 95 4434
41 96 41375
41 97 1517
41 98 42353
41 99 16452
41 100 48973
42 43 42774
42 44 22537
42 45 8691
42 46 8542
42 47 4393
42 48 31747
42 49 6867
42 50 22746
42 51 2694
42 52 31606
42 53 21442
42 54 35075
42 55 30242
42 56 38718
42 57 16876
42 58 10730
42 59 17076
42 60 41486
42 61 9157
42 62 46233
42 63 37752
42 64 25559
42 65 27944
42 66 15012
42 67 8359
42 68 32377
42 69 6386
42 70 9875
42 71 24729
42 72 39190
42 73 25200
42 74 17502
42 75 28078
42 76 242
42 77 42395
42 78 48822
42 79 48341
42 80 49261
42 81 21567
42 82 1034
42 83 30867
42 84 9360
42 85 2460
42 86 27460
42 87 48078
42 88 35687
42 89 38189
42 90 31505
42 91 43525
42 92 13697
42 93 27738
42 94 31276
42 95 39255
42 96 22033
42 97 12640
42 98 47613
42 99 4409
42 100 35377
43 44 23839
43 45 45489
43 46 40918
43 47 15390
43 48 29342
43 49 18995
43 50 15632
43 51 21736
43 52 17816
43 53 13972
43 54 37348
43 55 5735
43 56 31357
43 57 34566
43 58 15094
43 59 168
43 60 12025
43 61 29523
43 62 2206
43 63 16565
43 64 11028
43 65 45730
43 66 46613
43 67 5117
43 68 27006
43 69 2219
43 70 43501
43 71 39645
43 72 49831
43 73 47909
43 74 25021
43 75 40022
43 76 9749
43 77 15939
43 78 5411
43 79 39090
43 80 1285
43 81 37394
43 82 10825
43 83 35453
43 84 17717
43 85 14524
43 86 41187
43 87 15425
43 88 49090
43 89 22632
43 90 15592
43 91 27466
43 92 18507
43 93 17798
43 94 10383
43 95 45886
43 96 29879
43 97 6995
43 98 17354
43 99 6884
43 100 9214
44 45 10854
44 46 12880
44 47 25396
44 48 25114
44 49 4253
44 50 31769
44 51 34862
44 52 36543
44 53 3532
44 54 23951
44 55 4179
44 56 40925
44 57 1127
44 58 39631
44 59 24994
44 60 15650
44 61 47169
44 62 40418
44 63 31091
44 64 36153
44 65 22362
44 66 8557
44 67 21011
44 68 6511
44 69 18939
44 70 16896
44 71 36389
44 72 42285
44 73 601
44 74 9625
44 75 17850
44 76 11454
44 77 38856
44 78 43246
44 79 36567
44 80 9460
44 81 41366
44 82 21428
44 83 46002
44 84 44897
44 85 11730
44 86 16533
44 87 2174
44 88 12856
44 89 22515
44 90 27167
44 91 44857
44 92 36036
44 93 33936
44 94 25948
44 95 22188
44 96 6297
44 97 34504
44 98 43198
44 99 12807
44 100 19794
45 46 26445
45 47 15548
45 48 12078
45 49 27045
45 50 25172
45 51 29928
45 52 4850
45 53 30379
45 54 39525
45 55 7768
45 56 39839
45 57 30890
45 58 45547
45 59 2192
45 60 42139
45 61 7276
45 62 18724
45 63 44312
45 64 36483
45 65 7591
45 66 21478
45 67 31339
45 68 43626
45 69 5413
45 70 7286
45 71 32165
45 72 28062
45 73 8141
45 74 41714
45 75 7220
45 76 27934
45 77 18158
45 78 22767
45 79 6364
45 80 11554
45 81 14290
45 82 2643
45 83 32755
45 84 11021
45 85 8519
45 86 40522
45 87 859
45 88 5760
45 89 36068
45 90 19402
45 91 47898
45 92 43343
45 93 4478
45 94 42209
45 95 46177
45 96 12068
45 97 30038
45 98 27515
45 99 5693
45 100 1803
46 47 1153
46 48 37857
46 49 29864
46 50 9293
46 51 29570
46 52 3435
46 53 3579
46 54 14079
46 55 42554
46 56 9942
46 57 25632
46 58 23195
46 59 28936
46 60 24738
46 61 34215
46 62 37454
46 63 15259
46 64 1425
46 65 43213
46 66 1326
46 67 20827
46 68 41111
46 69 11020
46 70 25304
46 71 49671
46 72 7196
46 73 37371
46 74 29709
46 75 1062
46 76 9415
46 77 47863
46 78 2214
46 79 47271
46 80 27726
46 81 11507
46 82 43192
46 83 47512
46 84 15085
46 85 23622
46 86 40065
46 87 41378
46 88 15605
46 89 13260
46 90 20313
46 91 40342
46 92 13826
46 93 7766
46 94 5600
46 95 15251
46 96 17330
46 97 6925
46 98 36077
46 99 24792
46 100 34296
47 48 11380
47 49 24463
47 50 41491
47 51 15102
47 52 20523
47 53 42552
47 54 24516
47 55 18385
47 56 44766
47 57 38138
47 58 12462
47 59 22624
47 60 47681
47 61 9973
47 62 4060
47 63 21302
47 64 16390
47 65 45437
47 66 36906
47 67 29649
47 68 15749
47 69 27247
47 70 43474
47 71 39866
47 72 32846
47 73 25076
47 74 23547
47 75 6122
47 76 11152
47 77 48339
47 78 40417
47 79 38883
47 80 39153
47 81 48259
47 82 20336
47 83 9675
47 84 7162
47 85 11203
47 86 44411
47 87 18279
47 88 15692
47 89 6872
47 90 40902
47 91 13372
47 92 33196
47 93 11313
47 94 34673
47 95 49585
47 96 6749
47 97 37930
47 98 45585
47 99 38849
47 100 15176
48 49 5411
48 50 45066
48 51 14373
48 52 30486
48 53 18613
48 54 36846
48 55 41638
48 56 33303
48 57 43614
48 58 46872
48 59 22455
48 60 41872
48 61 33560
48 62 48481
48 63 15386
48 64 44762
48 65 42891
48 66 33664
48 67 10454
48 68 49762
48 69 40918
48 70 23825
48 71 32957
48 72 2230
48 73 24850
48 74 32542
48 75 25331
48 76 29131
48 77 44478
48 78 14179
48 79 10659
48 80 49888
48 81 9245
48 82 25031
48 83 30374
48 84 44209
48 85 28229
48 86 38363
48 87 27511
48 88 21842
48 89 35234
48 90 16317
48 91 30066
48 92 35145
48 93 14797
48 94 45451
48 95 29907
48 96 7687
48 97 45466
48 98 40360
48 99 23800
48 100 2735
49 50 30536
49 51 23108
49 52 21317
49 53 21737
49 54 22001
49 55 46647
49 56 868
49 57 16479
49 58 27177
49 59 11526
49 60 16366
49 61 36421
49 62 2908
49 63 46739
49 64 46981
49 65 31136
49 66 35101
49 67 40843
49 68 19330
49 69 36687
49 70 7159
49 71 49395
49 72 21831
49 73 38307
49 74 11197
49 75 18089
49 76 12345
49 77 6662
49 78 8448
49 79 36144
49 80 25749
49 81 38984
49 82 25604
49 83 47065
49 84 27072
49 85 47604
49 86 43711
49 87 27939
49 88 14082
49 89 20887
49 90 39464
49 91 30448
49 92 23660
49 93 8724
49 94 43538
49 95 36992
49 96 39859
49 97 44991
49 98 27835
49 99 9188
49 100 31677
50 51 1345
50 52 24934
50 53 19859
50 54 39652
50 55 36130
50 56 37948
50 57 18348
50 58 9144
50 59 12747
50 60 4492
50 61 34892
50 62 18082
50 63 30095
50 64 31956
50 65 45154
50 66 44050
50 67 25666
50 68 23092
50 69 8132
50 70 12904
50 71 28908
50 72 4931
50 73 2915
50 74 37631
50 75 48468
50 76 39907
50 77 43841
50 78 9810
50 79 34093
50 80 19381
50 81 41486
50 82 35437
50 83 44314
50 84 27697
50 85 41440
50 86 30444
50 87 31996
50 88 9788
50 89 39587
50 90 44742
50 91 30631
50 92 24478
50 93 29176
50 94 27077
50 95 22785
50 96 24329
50 97 21126
50 98 14802
50 99 13772
50 100 45609
51 52 27705
51 53 42679
51 54 539
51 55 30620
51 56 46661
51 57 15359
51 58 36878
51 59 40502
51 60 25168
51 61 20970
51 62 9882
51 63 33006
51 64 22758
51 65 20547
51 66 27054
51 67 14198
51 68 17342
51 69 25401
51 70 23985
51 71 6928
51 72 20142
51 73 20967
51 74 47757
51 75 15669
51 76 48043
51 77 20541
51 78 39997
51 79 35520
51 80 35342
51 81 3769
51 82 31129
51 83 29399
51 84 12799
51 85 48019
51 86 26370
51 87 9460
51 88 29729
51 89 13247
51 90 16313
51 91 21249
51 92 568
51 93 42546
51 94 4254
51 95 23325
51 96 13092
51 97 47659
51 98 37522
51 99 30434
51 100 23059
52 53 27858
52 54 3713
52 55 9552
52 56 48824
52 57 17822
52 58 25221
52 59 13218
52 60 38362
52 61 31569
52 62 48738
52 63 40056
52 64 1689
52 65 46218
52 66 35806
52 67 14488
52 68 44236
52 69 12175
52 70 40299
52 71 40317
52 72 41773
52 73 22963
52 74 11565
52 75 42340
52 76 15508
52 77 32170
52 78 32016
52 79 44951
52 80 29828
52 81 19538
52 82 25384
52 83 2886
52 84 13747
52 85 29097
52 86 28789
52 87 28923
52 88 13270
52 89 4009
52 90 8492
52 91 1631
52 92 1930
52 93 23581
52 94 8038
52 95 3618
52 96 19798
52 97 43843
52 98 34457
52 99 30386
52 100 22369
53 54 41107
53 55 20702
53 56 14141
53 57 14069
53 58 48618
53 59 22832
53 60 45928
53 61 30787
53 62 4848
53 63 40879
53 64 10614
53 65 40737
53 66 16262
53 67 29851
53 68 4483
53 69 11710
53 70 24991
53 71 49757
53 72 41331
53 73 45352
53 74 8249
53 75 9314
53 76 47281
53 77 31829
53 78 17351
53 79 17250
53 80 17979
53 81 27546
53 82 1707
53 83 48364
53 84 16266
53 85 9165
53 86 35417
53 87 30407
53 88 39586
53 89 34034
53 90 19590
53 91 35513
53 92 14820
53 93 24437
53 94 26391
53 95 41785
53 96 31525
53 97 9005
53 98 37987
53 99 2360
53 100 37066
54 55 12977
54 56 2116
54 57 28397
54 58 8328
54 59 26716
54 60 37710
54 61 5608
54 62 8545
54 63 21412
54 64 22858
54 65 26523
54 66 15309
54 67 40916
54 68 41238
54 69 31575
54 70 80
54 71 43006
54 72 28333
54 73 39665
54 74 27039
54 75 47922
54 76 41530
54 77 8210
54 78 38711
54 79 34272
54 80 16346
54 81 20235
54 82 9628
54 83 4332
54 84 38946
54 85 13046
54 86 17308
54 87 41062
54 88 41442
54 89 25636
54 90 17777
54 91 45503
54 92 47595
54 93 42673
54 94 33266
54 95 36804
54 96 35547
54 97 48575
54 98 27719
54 99 26784
54 100 30149
55 56 44151
55 57 19789
55 58 8481
55 59 167
55 60 13179
55 61 22754
55 62 8048
55 63 37740
55 64 11464
55 65 42320
55 66 4085
55 67 48051
55 68 1947
55 69 8416
55 70 36996
55 71 14992
55 72 42076
55 73 44409
55 74 22785
55 75 17711
55 76 28538
55 77 34639
55 78 31657
55 79 21210
55 80 17905
55 81 18461
55 82 6757
55 83 32831
55 84 12531
55 85 49892
55 86 12979
55 87 6681
55 88 36033
55 89 37811
55 90 23200
55 91 15563
55 92 10564
55 93 31247
55 94 3303
55 95 38380
55 96 39918
55 97 7387
55 98 36430
55 99 41865
55 100 32155
56 57 39777
56 58 23208
56 59 24230
56 60 34186
56 61 12345
56 62 8292
56 63 12723
56 64 46983
56 65 39948
56 66 284
56 67 31239
56 68 24760
56 69 23392
56 70 14069
56 71 37291
56 72 39636
56 73 27047
56 74 10323
56 75 25668
56 76 31209
56 77 49874
56 78 7582
56 79 41773
56 80 31121
56 81 27236
56 82 30152
56 83 21038
56 84 975
56 85 32933
56 86 29254
56 87 33129
56 88 22709
56 89 2462
56 90 7358
56 91 23246
56 92 31158
56 93 32001
56 94 35968
56 95 28140
56 96 21948
56 97 2604
56 98 9379
56 99 13060
56 100 25995
57 58 39799
57 59 350
57 60 15630
57 61 33198
57 62 27024
57 63 7649
57 64 14406
57 65 26898
57 66 15231
57 67 22530
57 68 8018
57 69 8818
57 70 19033
57 71 45407
57 72 9792
57 73 1965
57 74 24661
57 75 42920
57 76 41026
57 77 43474
57 78 16629
57 79 14271
57 80 24631
57 81 14981
57 82 16591
57 83 19122
57 84 36929
57 85 19194
57 86 44852
57 87 49988
57 88 11540
57 89 34651
57 90 16689
57 91 27170
57 92 17848
57 93 43712
57 94 34818
57 95 32253
57 96 20609
57 97 16400
57 98 21135
57 99 44978
57 100 25218
58 59 40167
58 60 40385
58 61 35009
58 62 8484
58 63 31397
58 64 44281
58 65 49509
58 66 41222
58 67 27261
58 68 30131
58 69 15852
58 70 42242
58 71 13073
58 72 1325
58 73 45522
58 74 48618
58 75 46177
58 76 11861
58 77 10158
58 78 30827
58 79 28549
58 80 37327
58 81 15026
58 82 38612
58 83 38496
58 84 13630
58 85 25573
58 86 4896
58 87 34764
58 88 20550
58 89 46465
58 90 24931
58 91 27286
58 92 31473
58 93 33414
58 94 25034
58 95 42105
58 96 49274
58 97 16255
58 98 35718
58 99 45756
58 100 48458
59 60 27959
59 61 8829
59 62 49783
59 63 39832
59 64 7446
59 65 12311
59 66 1692
59 67 17603
59 68 9489
59 69 46592
59 70 21281
59 71 24514
59 72 1555
59 73 9777
59 74 38143
59 75 27127
59 76 14672
59 77 39259
59 78 14029
59 79 11136
59 80 14189
59 81 7666
59 82 8960
59 83 13954
59 84 32700
59 85 17417
59 86 29579
59 87 15306
59 88 3134
59 89 25334
59 90 13764
59 91 47444
59 92 514
59 93 29898
59 94 37275
59 95 7960
59 96 8560
59 97 5318
59 98 41914
59 99 18048
59 100 1909
60 61 13195
60 62 42561
60 63 19815
60 64 22971
60 65 47055
60 66 46942
60 67 37642
60 68 36313
60 69 27322
60 70 15129
60 71 16853
60 72 34987
60 73 24088
60 74 47158
60 75 34038
60 76 41504
60 77 43088
60 78 49344
60 79 10989
60 80 18422
60 81 29459
60 82 8432
60 83 18935
60 84 25708
60 85 45706
60 86 43246
60 87 34267
60 88 17375
60 89 1512
60 90 18666
60 91 19283
60 92 14706
60 93 27578
60 94 5450
60 95 37676
60 96 40984
60 97 2391
60 98 41669
60 99 27297
60 100 46064
61 62 23149
61 63 10501
61 64 31050
61 65 13588
61 66 24011
61 67 15088
61 68 21444
61 69 17098
61 70 30783
61 71 32432
61 72 1871
61 73 26593
61 74 40864
61 75 37158
61 76 2300
61 77 2921
61 78 30403
61 79 2918
61 80 20296
61 81 48266
61 82 21583
61 83 5930
61 84 12971
61 85 15512
61 86 11379
61 87 16998
61 88 6495
61 89 30121
61 90 25018
61 91 143
61 92 26184
61 93 48166
61 94 10644
61 95 23586
61 96 11754
61 97 1006
61 98 38673
61 99 33197
61 100 18103
62 63 35807
62 64 15628
62 65 19974
62 66 12399
62 67 22843
62 68 23483
62 69 31050
62 70 25764
62 71 20237
62 72 319
62 73 46059
62 74 18503
62 75 38253
62 76 18340
62 77 31473
62 78 3764
62 79 29719
62 80 48471
62 81 10258
62 82 26191
62 83 23488
62 84 10401
62 85 2375
62 86 21654
62 87 37396
62 88 25960
62 89 49759
62 90 38401
62 91 30984
62 92 32955
62 93 6503
62 94 33142
62 95 14934
62 96 42828
62 97 45540
62 98 37777
62 99 16310
62 100 42941
63 64 13540
63 65 36547
63 66 9611
63 67 25950
63 68 5049
63 69 47863
63 70 44289
63 71 2873
63 72 1626
63 73 40359
63 74 17695
63 75 28235
63 76 16550
63 77 41183
63 78 38635
63 79 35276
63 80 29188
63 81 26030
63 82 11235
63 83 28946
63 84 30782
63 85 42218
63 86 28252
63 87 3637
63 88 25359
63 89 43185
63 90 46464
63 91 37250
63 92 30961
63 93 29126
63 94 46542
63 95 10852
63 96 32024
63 97 6152
63 98 36801
63 99 3424
63 100 4014
64 65 47442
64 66 6296
64 67 21991
64 68 4152
64 69 23991
64 70 225
64 71 37053
64 72 31525
64 73 5212
64 74 22328
64 75 27064
64 76 47593
64 77 33562
64 78 22361
64 79 28375
64 80 42131
64 81 612
64 82 32011
64 83 33841
64 84 10148
64 85 44826
64 86 37442
64 87 7461
64 88 40303
64 89 335
64 90 18312
64 91 22326
64 92 6486
64 93 21465
64 94 42101
64 95 26851
64 96 18906
64 97 48397
64 98 15193
64 99 39409
64 100 38739
65 66 15418
65 67 26462
65 68 36615
65 69 20629
65 70 48789
65 71 13678
65 72 18221
65 73 48703
65 74 2390
65 75 12947
65 76 7185
65 77 19353
65 78 44957
65 79 7378
65 80 29500
65 81 6135
65 82 44819
65 83 36960
65 84 46437
65 85 11506
65 86 21624
65 87 35115
65 88 17991
65 89 43088
65 90 27215
65 91 11194
65 92 28345
65 93 41963
65 94 26386
65 95 17753
65 96 47053
65 97 8155
65 98 10566
65 99 33667
65 100 45135
66 67 9355
66 68 13696
66 69 29708
66 70 24409
66 71 16085
66 72 42654
66 73 31593
66 74 35437
66 75 3963
66 76 38970
66 77 14937
66 78 10097
66 79 141
66 80 18248
66 81 22885
66 82 11646
66 83 39871
66 84 7999
66 85 45988
66 86 32958
66 87 1566
66 88 23533
66 89 11302
66 90 43528
66 91 49919
66 92 45407
66 93 40581
66 94 24425
66 95 5972
66 96 40599
66 97 19560
66 98 31678
66 99 4295
66 100 49267
67 68 6086
67 69 20379
67 70 8272
67 71 4031
67 72 5816
67 73 12234
67 74 9352
67 75 37104
67 76 38682
67 77 9492
67 78 21703
67 79 27919
67 80 37489
67 81 11574
67 82 2269
67 83 49829
67 84 10883
67 85 3834
67 86 23361
67 87 38537
67 88 13714
67 89 39631
67 90 33943
67 91 20646
67 92 14056
67 93 6266
67 94 11244
67 95 49967
67 96 37944
67 97 31890
67 98 49233
67 99 10381
67 100 2269
68 69 23856
68 70 14411
68 71 24436
68 72 36090
68 73 23763
68 74 27891
68 75 41123
68 76 49606
68 77 49593
68 78 19041
68 79 3447
68 80 27518
68 81 37662
68 82 3275
68 83 38401
68 84 41495
68 85 42987
68 86 26937
68 87 21560
68 88 32618
68 89 27231
68 90 42205
68 91 13025
68 92 33496
68 93 19801
68 94 12991
68 95 21439
68 96 1690
68 97 28575
68 98 31820
68 99 20310
68 100 2430
69 70 12582
69 71 11097
69 72 4871
69 73 2696
69 74 5339
69 75 12346
69 76 2302
69 77 21284
69 78 47738
69 79 22100
69 80 48801
69 81 35399
69 82 25374
69 83 37201
69 84 43246
69 85 34712
69 86 30489
69 87 14805
69 88 17329
69 89 7719
69 90 23362
69 91 46705
69 92 41215
69 93 9514
69 94 9695
69 95 29005
69 96 27555
69 97 4621
69 98 27176
69 99 14217
69 100 23403
70 71 39758
70 72 41665
70 73 28273
70 74 42453
70 75 47004
70 76 6970
70 77 11106
70 78 34639
70 79 4708
70 80 33205
70 81 33439
70 82 40106
70 83 24930
70 84 36992
70 85 49703
70 86 9642
70 87 33832
70 88 30860
70 89 43322
70 90 41551
70 91 20573
70 92 40027
70 93 49117
70 94 30086
70 95 16073
70 96 28121
70 97 7640
70 98 37046
70 99 21649
70 100 21856
71 72 10448
71 73 11406
71 74 29873
71 75 5072
71 76 20210
71 77 26876
71 78 12042
71 79 31316
71 80 11514
71 81 16749
71 82 30872
71 83 11304
71 84 23206
71 85 5802
71 86 14647
71 87 39261
71 88 31795
71 89 48479
71 90 20120
71 91 41468
71 92 6381
71 93 40692
71 94 47846
71 95 5497
71 96 37129
71 97 30271
71 98 49969
71 99 44768
71 100 17316
72 73 21617
72 74 32976
72 75 44115
72 76 49374
72 77 12848
72 78 49186
72 79 19584
72 80 6075
72 81 27579
72 82 899
72 83 33940
72 84 10679
72 85 48122
72 86 11595
72 87 237
72 88 20275
72 89 26242
72 90 39497
72 91 2069
72 92 24720
72 93 25968
72 94 9889
72 95 31100
72 96 16659
72 97 7734
72 98 2948
72 99 3787
72 100 4356
73 74 2916
73 75 14906
73 76 21671
73 77 40885
73 78 14233
73 79 15785
73 80 40258
73 81 43432
73 82 31323
73 83 26193
73 84 15858
73 85 8901
73 86 27091
73 87 16149
73 88 19580
73 89 41565
73 90 27744
73 91 19816
73 92 11839
73 93 3985
73 94 9312
73 95 13908
73 96 45056
73 97 35279
73 98 40148
73 99 42507
73 100 18289
74 75 47881
74 76 45454
74 77 38427
74 78 2237
74 79 14721
74 80 19684
74 81 40259
74 82 5605
74 83 269
74 84 22396
74 85 12215
74 86 43700
74 87 3718
74 88 38407
74 89 25910
74 90 28970
74 91 31850
74 92 42058
74 93 48549
74 94 23414
74 95 19801
74 96 34716
74 97 35252
74 98 40137
74 99 44027
74 100 15511
75 76 35192
75 77 45657
75 78 5658
75 79 27698
75 80 30297
75 81 19891
75 82 23151
75 83 35075
75 84 38479
75 85 37872
75 86 4759
75 87 45089
75 88 9828
75 89 5027
75 90 17484
75 91 22042
75 92 15078
75 93 37553
75 94 10449
75 95 40987
75 96 16523
75 97 42298
75 98 33045
75 99 31423
75 100 32063
76 77 19197
76 78 16139
76 79 17314
76 80 9334
76 81 26517
76 82 32825
76 83 10877
76 84 38526
76 85 4834
76 86 38575
76 87 18822
76 88 41076
76 89 28077
76 90 3897
76 91 29554
76 92 32300
76 93 25007
76 94 24643
76 95 8480
76 96 46385
76 97 8478
76 98 30521
76 99 11462
76 100 12383
77 78 7321
77 79 2449
77 80 45257
77 81 49618
77 82 1845
77 83 26679
77 84 31680
77 85 37393
77 86 9169
77 87 15346
77 88 46726
77 89 2038
77 90 14522
77 91 7603
77 92 40563
77 93 19355
77 94 12529
77 95 25736
77 96 10431
77 97 6957
77 98 45984
77 99 6336
77 100 39257
78 79 20990
78 80 47330
78 81 14088
78 82 17374
78 83 22160
78 84 44608
78 85 45188
78 86 34542
78 87 1929
78 88 13988
78 89 46150
78 90 17898
78 91 15832
78 92 39180
78 93 49578
78 94 3224
78 95 48349
78 96 31275
78 97 16302
78 98 386
78 99 45796
78 100 40256
79 80 7300
79 81 31502
79 82 2784
79 83 33035
79 84 8284
79 85 26092
79 86 29019
79 87 14620
79 88 31700
79 89 8
79 90 28301
79 91 45787
79 92 33734
79 93 460
79 94 40395
79 95 28921
79 96 1353
79 97 8675
79 98 42908
79 99 47502
79 100 26572
80 81 25091
80 82 36682
80 83 42501
80 84 44666
80 85 1382
80 86 23775
80 87 10967
80 88 18119
80 89 19570
80 90 17574
80 91 25418
80 92 1072
80 93 20357
80 94 8452
80 95 9355
80 96 46449
80 97 3822
80 98 40326
80 99 44500
80 100 20182
81 82 18627
81 83 40287
81 84 3915
81 85 35438
81 86 30681
81 87 49187
81 88 36791
81 89 39355
81 90 8446
81 91 644
81 92 15926
81 93 33536
81 94 37325
81 95 24779
81 96 44553
81 97 5058
81 98 48553
81 99 21872
81 100 23176
82 83 34475
82 84 39445
82 85 48593
82 86 1898
82 87 26154
82 88 23397
82 89 27604
82 90 38954
82 91 27218
82 92 17930
82 93 33453
82 94 47399
82 95 2908
82 96 23739
82 97 1313
82 98 38345
82 99 4419
82 100 16851
83 84 41487
83 85 10125
83 86 25296
83 87 42131
83 88 42403
83 89 25183
83 90 45807
83 91 17181
83 92 19736
83 93 865
83 94 32085
83 95 7959
83 96 24040
83 97 16559
83 98 47403
83 99 38985
83 100 18456
84 85 23556
84 86 12381
84 87 46060
84 88 12509
84 89 39598
84 90 30341
84 91 45962
84 92 36997
84 93 33248
84 94 19700
84 95 4661
84 96 37944
84 97 40471
84 98 37864
84 99 29431
84 100 16947
85 86 13159
85 87 21561
85 88 9349
85 89 4694
85 90 33719
85 91 42881
85 92 24429
85 93 34583
85 94 24966
85 95 32387
85 96 24975
85 97 41524
85 98 46141
85 99 30311
85 100 26332
86 87 19697
86 88 42691
86 89 38743
86 90 48557
86 91 48640
86 92 19083
86 93 10870
86 94 35636
86 95 2330
86 96 46922
86 97 6649
86 98 6625
86 99 3744
86 100 44512
87 88 36055
87 89 20690
87 90 24022
87 91 23967
87 92 46391
87 93 28715
87 94 7686
87 95 39271
87 96 19495
87 97 8620
87 98 30588
87 99 18233
87 100 49946
88 89 38464
88 90 14374
88 91 30256
88 92 14795
88 93 422
88 94 22946
88 95 19889
88 96 15330
88 97 21586
88 98 38971
88 99 26200
88 100 23573
89 90 7652
89 91 23121
89 92 46573
89 93 14276
89 94 26864
89 95 7436
89 96 331
89 97 13905
89 98 31458
89 99 40649
89 100 10295
90 91 26524
90 92 14686
90 93 15918
90 94 46019
90 95 23306
90 96 46505
90 97 14251
90 98 39603
90 99 34968
90 100 44976
91 92 19859
91 93 16114
91 94 11749
91 95 9156
91 96 36002
91 97 27079
91 98 47093
91 99 41324
91 100 19630
92 93 37018
92 94 48975
92 95 42750
92 96 33590
92 97 29603
92 98 35965
92 99 7378
92 100 46285
93 94 49869
93 95 38835
93 96 36933
93 97 26516
93 98 15358
93 99 1619
93 100 42433
94 95 27728
94 96 41276
94 97 38937
94 98 8331
94 99 30878
94 100 40257
95 96 19658
95 97 17088
95 98 22722
95 99 31407
95 100 42596
96 97 8724
96 98 24837
96 99 39688
96 100 47
97 98 44466
97 99 43057
97 100 15374
98 99 37215
98 100 42999
99 100 44976
