88
663 681 12658 48043
867 456 85455 37714
799 830 76550 26598
996 236 30843 59892
962 647 7701 47032
421 553 66198 17455
66 369 66365 21012
251 323 99026 54902
3 750 83374 81471
205 198 43277 4343
27 663 25481 45660
251 109 25349 44014
107 204 30834 56555
108 374 47826 49593
743 438 67909 9323
760 392 13529 47762
141 669 97685 94302
866 740 85510 57704
755 665 56874 15962
125 978 95795 8189
533 797 13134 42431
522 815 42391 11431
604 203 9288 87998
947 568 19685 90455
237 161 78168 26233
253 539 53158 62493
203 314 69516 10864
643 282 37169 91487
430 19 23985 67972
833 627 56579 8653
181 879 75517 65222
798 977 50280 28348
490 53 94008 8645
591 185 50725 68323
498 462 24858 73239
95 382 31312 71161
400 481 7380 90867
459 450 83351 89440
328 874 33486 61898
202 683 25937 68309
735 998 7599 97397
182 883 17754 2306
696 293 4916 3306
674 542 37969 88844
23 198 93379 77275
647 733 90891 29138
958 590 39246 29230
272 314 28210 64951
664 986 6331 26867
868 856 93904 54380
501 455 77102 54421
997 724 62900 54115
273 664 39812 44471
749 323 34453 40355
912 400 39729 4335
66 419 97187 6899
756 280 12381 40775
487 857 16734 31864
663 595 79006 50434
670 815 51619 11322
479 880 13460 34787
554 809 50302 21529
561 149 43652 65238
919 596 67218 30414
875 334 18250 47895
542 890 1976 41345
836 212 32331 10318
26 244 82459 92588
475 11 86582 4702
172 366 19128 67672
514 194 97439 58628
789 118 18634 69735
803 160 55006 59345
49 427 96797 63990
990 115 25352 83757
358 540 20503 28012
551 304 44009 67834
669 54 86675 7338
600 217 88869 30897
334 829 89091 88470
989 482 32654 51749
908 84 89793 8093
199 718 4830 74340
610 837 71612 45387
493 302 48630 31105
708 741 6659 43375
957 419 61933 40282
248 800 2713 20788
281 313 48625 41683
748 305 54076 8913
374 403 37486 15826
591 649 58983 23097
302 78 79188 1203
170 50 83905 88278
468 361 55211 38350
512 952 42822 61649
616 334 28004 53421
990 472 40671 20739
226 218 91576 57242
866 543 79103 77366
621 254 47478 72982
303 842 42127 95856
554 90 41839 9906
41 194 41932 32564
879 893 81463 9947
716 31 49719 54070
248 280 84997 47305
822 767 29289 33960
20 158 55976 43134
352 907 29779 61197
996 335 71910 43349
881 883 95722 4640
128 766 58227 11189
796 561 82800 44802
840 300 44059 49613
66 842 58765 64601
351 94 44334 11614
1000 256 92959 13227
943 632 12392 743
515 483 51308 32044
248 911 25972 90181
471 323 2912 610
622 1 47025 67192
194 481 53035 32181
926 584 62622 11685
192 556 51623 49590
187 62 51708 89383
896 240 84694 77223
151 530 50600 70601
852 680 80747 18394
32 957 94768 27132
789 635 71142 93984
218 717 3232 10578
624 316 89438 2063
729 201 73023 40241
441 909 61681 19697
438 656 42377 97665
687 845 8353 65230
801 274 88750 31169
260 414 88894 39841
482 995 83182 24781
663 483 4354 41211
36 482 95631 54174
390 485 22498 52597
492 980 96288 69519
825 229 10875 83877
854 894 31374 54863
659 571 34790 38252
918 531 51803 30779
365 216 67834 12352
698 40 26313 54127
524 644 37370 61096
624 381 99402 5739
961 145 70687 87575
390 45 33757 30030
968 220 64988 12225
750 488 45918 5267
704 841 11666 13756
233 93 78575 90790
736 104 78859 81223
836 20 28294 43497
517 990 19529 9298
34 889 93200 23891
109 549 20677 51226
388 404 55932 10403
597 542 65702 6709
634 386 61958 50923
489 411 44498 35958
430 645 83473 47898
634 435 38294 34478
323 565 94719 15578
113 257 28633 66504
12 668 34335 10212
209 841 59550 85228
226 372 35703 62627
782 346 73901 13797
