40000 50 50 100
3466
3165
9057
6023
9463
4810
1826
2158
5275
7103
7937
1820
5715
3715
4894
6725
4871
4911
2964
3227
8810
6998
6331
9378
8535
4309
9422
6192
3074
2445
4702
3509
6771
2275
7647
8804
8396
8683
7766
5215
5956
4953
5173
9043
2973
9104
4656
6537
3749
9874
31117
9932
2308
22388
28747
19074
5831
15575
16514
13292
18638
24769
15576
12054
1152
21726
3432
30193
11339
31217
12289
10385
8911
9760
39999
24948
13032
29170
32593
1657
6361
20539
6485
4043
24352
31317
11022
11122
23201
24486
4736
2001
27940
3790
469
14895
22485
2423
6619
9516
