5000 20000 9999
697791
710184
728405
476446
934338
151409
674146
906865
739507
716540
836350
985101
199342
117727
641897
548803
804542
726004
558139
723285
595527
778851
371083
452947
42266
227945
998286
374407
603627
486428
713376
546566
270467
239366
565267
404481
858498
518538
260931
835346
595940
892960
72940
737328
958831
648081
897760
806286
738628
928367
601589
967536
517642
823357
50104
995308
944762
558491
833756
674420
474906
721061
721565
958630
329758
969377
515089
65760
996695
791324
644084
56400
134946
38910
806898
509379
437292
761849
671516
462173
623225
812998
875178
487210
984093
594131
897935
142218
573022
818184
56209
94926
771014
916535
860871
162562
82202
905057
476677
694944
26112
547485
389334
549551
701589
157041
251647
411213
585837
528269
639868
23058
415243
887195
565237
744928
830675
881092
362457
345059
313145
900811
745637
836350
799509
682652
309432
139795
90611
587813
986230
238117
482509
810263
46985
626767
661271
534029
463536
147685
383883
233496
85616
621537
486222
586906
783762
11915
371915
264713
441897
425836
42338
936486
460940
799167
72659
366337
241267
213999
41071
623138
480683
839498
680878
953382
264588
613816
527742
751907
486862
318278
122376
272386
256370
14879
580110
921375
202947
28617
371787
647465
191792
494317
352430
413252
205500
547607
420904
617518
437160
607079
911161
81950
474115
22522
617761
453938
945244
384529
110665
45068
73070
748291
610195
663498
966866
582316
942748
574757
757166
759009
972913
181214
269525
526606
846889
4023
141436
441814
62086
74550
134074
976905
453105
368144
374688
884405
988652
387312
321591
629985
58398
73406
55210
840005
952441
110104
295813
119728
248248
91169
812237
812455
238093
339467
6282
937093
23329
635942
669117
763643
242346
911769
84057
442942
470898
73037
451305
688484
497544
326074
735217
508348
946815
94303
623637
189571
17075
429392
475221
540772
211221
499586
583429
187794
827846
232047
503540
326100
767379
860786
918142
760162
51948
971265
725721
827540
169264
604050
468156
196692
87628
737538
560392
174592
973489
242237
694351
290707
578259
937242
592273
588409
488026
147251
169333
686858
898425
168135
41613
924291
705425
636998
508847
422102
189157
698820
341356
64301
498536
538968
359468
395943
353958
135027
769885
816183
404438
728755
78507
698174
140184
423597
30701
356225
481113
230938
348963
624454
155833
678683
895892
749727
699215
414281
535612
502273
805291
123786
489062
166315
759368
39917
689235
638309
813143
151492
268118
645257
714208
488008
291169
538029
72461
256801
547026
868144
645328
758781
229297
746641
78469
784929
799099
552747
319906
659852
584611
86996
325179
802229
751004
617779
976879
254953
603688
613449
497357
897790
363541
973366
533260
165379
836130
912235
625930
384418
656240
991613
479087
881057
583952
690593
577304
441843
105285
589926
196408
348079
113158
303262
84906
783160
17066
839488
230653
659013
12142
397700
422209
138378
933873
193169
345780
830320
38517
872383
803695
334243
871926
775580
549315
247395
703966
242300
126898
157537
903353
377436
663575
885502
656350
327779
500498
676026
262100
964233
226693
622218
735926
288349
839569
526025
148320
266755
821727
244720
131196
978221
127599
456389
597813
212524
430689
881498
390577
800934
925157
32049
760340
385003
48764
452710
869065
206437
466786
452305
384355
597353
386803
209257
336808
9968
739804
296853
253711
768550
791480
577083
16066
975363
624065
41677
593790
892738
51523
34284
119896
460979
700232
513564
650932
553681
470289
683221
442403
494107
526652
587754
630434
89325
29068
762663
209406
131227
262585
237393
5840
706981
445306
196788
814887
836365
542972
293656
694166
87342
586047
411682
644812
532966
570671
903044
588046
515352
427345
679669
659251
547070
754788
13792
721211
542934
972480
857543
945840
297507
681608
949839
173158
613833
999183
57214
945012
638859
866307
661105
312172
145546
868073
622949
458618
570249
417063
314008
347502
795537
253793
947205
948040
377879
900175
506629
425419
342577
742615
818182
697521
846465
574367
29513
169693
912142
7320
73722
78414
784370
75710
182360
290859
56630
760131
756474
537357
510067
99413
572203
420670
304873
107745
810572
675756
227296
480559
712492
229153
373630
970619
522868
399131
595841
697282
701919
46988
132363
577682
800258
790895
925189
267073
326793
408263
467285
781406
164918
304630
290537
632631
728399
236859
540069
395160
380
104648
866966
210156
244390
173602
605966
166583
12535
417108
361035
466403
748262
8517
640645
406887
440653
765035
162050
298387
626531
609066
462114
526506
624098
338969
163013
100746
615441
383528
188229
537351
414276
745552
684862
857756
10491
575766
289864
418691
665133
277369
805442
326422
813933
195684
642971
236340
372867
103908
295183
120611
442404
336568
603952
776423
448475
564979
356501
412707
625029
697605
507535
25467
139305
380
759092
982517
775091
950375
83911
716864
893171
107437
161752
859297
646368
967578
130246
66234
229048
713701
566822
597279
728230
485672
813726
601210
117076
380353
721498
55279
868661
940171
684259
94531
550066
651853
803339
449348
913343
755629
980235
851058
332533
822552
843900
692317
47530
564189
324676
591535
545456
231470
726136
745908
582649
116018
694501
603861
894439
619391
159750
204897
196062
59495
415254
441416
989194
595759
443893
70673
315287
399930
425475
113831
634185
849857
223239
348732
30277
237065
215310
930847
585486
996056
986957
700647
269638
799746
950432
339098
234157
587593
180247
919372
666166
552141
124237
279981
170751
268101
595541
707824
617493
460341
200440
820913
677137
96575
93554
779019
761905
622901
100608
741818
47765
292154
810428
265845
651433
170561
907903
51996
871698
183552
289220
92464
162329
272896
904039
598167
674810
610451
471890
195261
773557
450062
890204
671134
242851
272091
611968
132299
492496
471907
811738
191086
253052
944494
464342
315668
885304
405258
442389
159041
502354
615022
40684
818631
27046
603306
304629
741259
180016
451328
637532
68460
852086
729486
913982
185353
170606
272684
652141
343777
904724
983139
229353
647403
606722
34302
354669
809236
144679
819697
300715
107362
620552
972279
7972
861782
767875
888417
215209
983802
465632
258995
382507
225034
906375
549144
492125
15934
319960
691852
690149
816764
669941
142160
84502
603692
760223
921065
336398
547251
5634
757327
652443
604603
46643
930066
366076
16344
462957
831194
859869
613952
928936
991262
439827
835222
895291
752462
194556
418729
412557
954
325542
258353
525179
649995
471261
282991
344654
140454
52284
908170
18145
61988
699970
942726
173039
222099
141780
61742
144853
895315
889844
378000
15793
363488
455542
912362
482112
756125
447455
565161
62093
926178
944552
688956
633287
427135
379101
63266
778230
328188
941171
947584
685353
551950
523374
417038
897558
157904
333813
833455
12971
272195
529807
732861
915674
626434
699367
533310
395977
697413
453384
378238
902398
560156
672408
769114
33108
694220
959834
306870
771853
32054
58298
481111
912861
165077
789958
814981
735876
986443
337619
221491
458234
955513
222099
486733
263137
517431
414393
302997
268460
142810
612875
73033
364921
906182
980915
251392
117240
111194
206396
590659
425029
578228
97986
712075
235666
548550
793255
261902
827540
415377
497076
926363
599208
162704
478106
137221
781896
359129
909884
83068
462078
751547
119035
434550
650418
925495
854206
566846
676891
49860
563229
696342
788929
526256
542896
273668
434804
182662
835815
229233
1495
484230
232494
737803
18477
387723
29476
286177
662576
361163
836944
572131
840770
907552
693815
691298
182889
892950
135842
41026
313462
6921
769112
662907
14268
909458
819747
377270
727280
100928
165186
770118
294999
499629
873338
218164
211115
418176
70703
154046
988516
566732
236118
966367
853456
15845
32272
249061
647829
729925
48890
428439
837271
419409
238778
431021
419200
108254
690050
854733
255274
622062
419554
809980
419983
514959
515506
312887
926043
645635
875872
197248
814470
820226
135377
885989
624827
9200
732572
897848
543246
321777
676702
718534
639632
589308
766638
495838
270234
276925
406377
662456
432473
462559
551754
899238
694397
645978
817200
70925
148219
528043
743281
833312
530762
5025
233490
554562
774981
824533
836563
136399
943607
180974
720127
659544
61932
56478
957532
320226
441044
872199
196085
41191
687527
28317
158924
383730
600621
827052
314953
415278
191995
846298
326440
795247
214827
23705
573377
864400
519979
62104
683461
450397
579208
981856
494042
640920
456255
510389
938110
93319
57325
217147
584948
503066
740246
731468
926843
309770
740829
781810
883340
145638
925817
987393
77743
133532
779590
888885
287968
912726
23936
760494
232101
538810
1246
785193
609370
715605
849662
296981
859915
1649
288137
958114
527268
554615
635835
329172
602228
681801
632489
233814
425451
179814
872217
856354
317208
727783
723586
68445
922061
368490
123447
27485
736555
809237
760917
911011
274325
635146
248065
843297
108969
981539
180443
576493
421696
89434
821709
400207
744652
37496
832099
392808
776173
235927
721852
755968
649558
460707
197017
800162
282177
207074
779863
537727
705210
743216
742650
439986
356624
844595
97894
128612
724481
465867
843065
718391
543472
812920
684435
838205
210356
283663
618337
253527
929987
943135
544677
23785
722383
366575
192611
846890
892353
286132
912472
634023
380727
721303
540612
96098
985565
327871
19553
353934
323962
741973
293417
182360
819214
525108
142578
779693
393976
81009
67958
574703
623555
953325
18703
571420
777673
842859
714223
544115
360348
300740
248198
704119
254282
859031
561905
259978
877876
483731
292881
243309
205141
703315
229720
351798
126717
933656
685731
17115
160287
71550
713943
413934
3916
543319
23776
419591
541916
154055
702691
971989
525538
257312
779838
738515
731984
606353
870724
68177
452507
169008
944023
907319
15005
600460
285402
863470
178068
696319
986628
31935
313426
937639
547761
487603
353762
464101
673190
33947
654691
329556
590424
522077
485876
613019
957939
313062
946077
88937
46321
499606
172105
303485
512924
713721
551223
901876
291765
455499
546897
72930
143427
814091
207929
221606
130398
268532
830969
954438
254488
134526
851600
306004
230883
519823
313889
596382
454473
466708
235188
23379
337794
212727
292107
383970
85082
863606
206459
222596
509088
3513
155316
423044
537960
408849
349585
525569
811774
657796
289700
304846
464627
680989
999228
207809
112714
831805
981257
386084
771503
629179
28527
542536
795880
276139
641081
365923
645311
347481
649680
918282
295251
645384
264717
111710
451317
949462
475684
55067
939780
758856
434415
149864
507055
784508
625993
536221
268980
207330
481087
588632
85412
518142
165611
418112
962669
948644
520033
858428
987274
202017
332428
903833
536789
207204
244566
872510
454059
294248
781614
169731
937232
135111
319303
703875
441928
730633
617792
914211
121133
105607
824982
902284
399392
216781
541934
824052
593729
736678
195604
982453
147731
272918
20957
436697
970965
913759
753841
471354
130856
416349
36883
273088
224144
729657
48407
899904
327804
197487
200126
151424
690209
756391
778396
721067
419927
341662
130053
941832
449474
859331
829641
827345
783907
345512
525671
44729
382978
42991
886236
535462
810165
495505
135249
49732
104027
834582
196451
227629
275646
858213
778286
44424
194083
140124
7592
134196
787317
765975
693018
252876
265341
377462
852461
956207
225344
14924
32165
635512
22102
669643
862147
942978
209254
275445
85662
853525
562960
75930
58986
656722
787484
852081
623956
597406
326895
356376
606863
206886
645666
414588
87251
783387
64676
126379
467150
519365
804625
746261
263291
359556
573985
46037
465063
298753
108414
587881
257438
18379
407819
493972
680070
114646
439702
15546
117318
984707
497406
201682
492509
638670
765121
839190
888551
704782
761525
477224
55671
727376
211373
202242
558214
235674
885405
78524
260317
986755
621242
566279
550760
494514
869259
485141
519726
418663
387231
91992
119965
291573
875345
119894
109026
189618
382292
745427
815396
343416
682817
78459
524945
112691
721060
746535
627967
156851
625119
251004
992022
892401
666944
416367
487345
828553
408100
89786
348076
594924
446111
394700
363728
279778
755762
487926
771670
84591
648919
857718
480130
513900
34199
352932
360429
866113
436693
596407
608638
579455
115430
424957
422218
432197
996383
498099
128010
958064
497041
922403
540304
446829
806114
862857
185537
904241
663692
400751
856608
122313
496747
669099
147187
310325
852708
455341
229230
914791
971057
194900
58432
211483
256004
194293
984827
134884
619889
517285
949407
504910
205723
615302
81955
173441
365279
594924
169351
949218
212138
192203
77365
866693
926453
17528
632428
165920
144044
143909
221752
580054
358613
394385
445364
514944
883736
662434
673561
224196
692643
290253
878724
372781
35605
808833
832395
841360
361659
555165
702164
62634
23856
779113
101414
704519
641977
957131
705144
747512
294496
515565
706950
141885
336381
631837
77187
484850
17488
498381
917215
645183
44939
145855
200914
665655
377197
316388
322792
403235
573596
871658
43888
928144
171438
299139
240065
859370
925151
239928
992426
732768
71197
951630
237043
703500
616843
562008
356716
86976
326026
141640
144902
540108
977464
788873
573213
709866
507459
891727
292759
646065
732737
433723
784174
729162
201955
707639
793308
198458
725782
69958
270519
324952
16294
298386
224547
140913
724113
394688
681115
818786
305408
719566
41791
435222
172907
75237
85632
858847
25788
835937
894279
361546
837924
837709
848178
790657
2699
321469
802307
362158
255749
712648
719247
739650
97012
911078
682881
957114
242245
218815
151500
952976
343744
925143
887380
401459
657709
42108
457413
609855
72003
767557
864514
438033
105559
653578
669743
615164
868443
361497
99740
203097
302184
16102
589025
903693
560228
594439
47079
646486
615028
878712
182712
543170
23254
788356
605760
375469
308425
614875
352291
228361
49785
345051
835755
688800
673928
61608
962729
128918
875389
761682
719776
454453
871710
256708
224756
272341
370137
221609
3372
455429
47469
697615
338944
670702
683329
989805
761484
659148
790808
971829
317488
515004
263055
558437
713815
473548
815569
575601
895554
798769
465689
747476
94837
956962
175172
909681
657030
834741
864961
915506
581601
118968
329588
204295
489509
629551
390514
47619
902404
540497
851155
607477
88341
627621
919198
946007
551459
939151
108201
536312
126765
705586
412584
473447
49603
583445
165928
489513
513824
574471
475104
230479
378011
524228
470237
297116
909735
19431
399596
502255
20990
575803
703658
884584
414221
389969
316464
684360
515679
629341
377005
349210
558126
21708
521621
121742
953998
551725
50044
675032
312106
912159
767707
168509
34336
119554
370752
599786
251956
742632
84811
132105
406013
384614
150931
56546
109940
671688
614293
416088
436388
328119
620315
683027
40385
637909
895069
423410
371361
973924
339899
380600
239069
167216
408902
268524
800963
475264
762345
44253
108377
279979
372749
89372
537323
370741
440430
80018
79264
748658
321962
902204
556109
174938
783216
830681
238996
973294
345282
690005
636296
530446
121236
805333
435136
899424
206689
330508
261575
947218
802397
372758
965933
843730
82908
919183
528209
107657
981841
837957
460193
233467
757120
616321
887557
472735
697181
576239
356782
836544
843430
121318
526657
795736
41466
526730
335500
528266
830148
709694
424711
488634
228107
924175
482247
8037
635741
646663
685217
84701
934813
421247
339189
367861
754962
372510
857922
394725
447120
294567
3647
183920
11744
389054
134901
715588
565132
233188
229355
856279
768964
103262
134356
529570
401862
512256
886388
569208
989054
909187
838129
708123
473439
179418
547400
170250
162253
286019
483660
459342
675315
104413
917471
830314
106458
661477
709805
370584
643401
482005
612475
719900
545043
827984
655671
958801
133549
425999
882314
744900
490374
398156
624634
885182
385323
233985
889779
542453
443983
17249
912136
48170
796158
815951
570087
761099
550329
516432
504515
406866
311883
698864
399590
630430
35943
802391
900025
222913
473785
123983
258358
466158
769124
752237
171237
801250
246242
870447
618411
753066
422182
179985
280136
563978
394599
502791
865605
204630
10369
664146
745147
382615
913979
47752
503751
414730
364860
224422
677693
474680
213631
965124
318871
403744
241768
788459
282090
371026
353565
771248
414893
316244
150942
111834
766587
585539
675960
254085
751099
426381
877853
736410
463249
8175
454507
655007
828821
29772
37531
348757
511040
828468
678051
189623
179765
799102
685484
987840
57158
984976
429124
220642
37273
725813
464497
259760
241279
767010
168068
541311
658025
745052
339391
727523
241857
721077
856936
283374
605232
906523
414312
439552
525419
361883
370114
31761
467797
727091
651749
528272
70894
150075
631027
528940
371236
260264
874870
10936
724528
262073
588143
896701
959219
101678
653832
333788
42623
249964
541290
890823
264577
6557
262068
599157
490272
226258
810493
342157
942437
300850
775701
187346
186759
885404
667293
433486
550456
134680
411527
430958
933305
705947
562725
734837
657310
286704
358742
529640
103054
537274
903350
377979
782181
222390
584820
201375
454792
99682
25892
410198
721340
751232
181823
631113
332599
150549
332995
330134
700835
942138
149789
7783
701806
969183
941763
511192
558075
235895
7342
861999
889667
123257
313655
525084
678704
119699
17149
146335
574560
45243
972790
738583
107742
59913
912660
202770
96981
75630
174115
789063
194854
233622
398794
144629
79823
228530
849334
963670
284576
548037
53473
212722
420116
300439
82137
512037
285103
818140
534774
554107
628325
916104
277905
283177
504133
613142
653933
799487
186223
449571
692627
536426
664980
678490
663563
948875
566534
724643
651875
248539
819784
933450
149000
574306
35752
714944
341837
826450
946367
13958
86627
321927
140638
556733
228486
999606
943535
330795
210077
390429
428666
62360
196223
534283
303761
176620
174731
482322
907588
640314
50992
677523
803738
288532
833220
455794
103223
958543
869837
52358
981975
125806
983895
933216
368895
687909
801567
627225
405881
883315
616809
315731
339643
478908
90458
915415
459980
89659
543426
755255
834756
616371
671979
169085
784936
278498
682877
563746
464016
674324
828747
984250
349327
250031
800452
467580
54676
954217
549752
391312
880295
854819
107842
946413
828537
233215
330751
413146
593973
477362
324466
391353
805258
209852
107914
523707
54192
162305
518660
890121
462389
951648
159346
410491
843464
245475
372015
4970
441918
500658
140588
622121
773841
821236
173563
81092
122196
541979
137933
478343
179682
402775
624314
108770
97277
797271
82331
700507
610423
483118
181317
933069
33156
522411
337007
69807
226729
119990
588084
868146
675308
105216
259178
290738
501492
815007
53993
534025
620080
767131
494242
76848
821806
604122
304139
548112
508297
685605
573252
13707
274482
430173
538011
795382
962392
501996
408782
136801
206349
951835
344185
48734
359842
251922
377796
447141
875728
926447
205570
447766
528935
524255
818549
355756
710833
933577
88263
788521
15226
440031
127758
998912
395953
693965
504111
257103
870579
910599
576708
658403
281054
178682
570828
954012
166130
594469
712732
494181
538691
642119
964927
874028
830995
910087
965864
761109
710696
958397
768597
32417
336623
857887
972887
622519
607844
773228
40746
561752
339730
571374
283656
410423
753383
551774
356841
135242
54612
205690
79422
770482
172129
607672
476931
616333
224953
910311
4799
508365
476957
543953
844742
166075
295564
754898
3959
299269
703918
945569
937796
56844
325311
952398
965609
199253
902636
676177
296425
647864
934151
433863
404823
860919
801376
411215
561682
717487
249126
147277
7669
962013
995761
255397
852966
978808
779208
927984
728153
733970
5500
693798
999553
379058
864831
809293
571384
254982
178670
621934
862635
494249
288498
459124
751476
621889
696148
689711
210805
108815
499022
406593
812502
464438
802418
460884
593587
318744
615507
934760
798383
470900
370495
566648
56452
523404
839809
791870
86310
143374
6307
433795
739021
94029
283772
263764
39359
610729
200943
179215
713606
312669
337825
154781
453393
176393
312558
467566
557903
823738
670446
214730
708330
958832
445588
829844
864614
104267
28311
686767
710476
366363
427263
992027
441033
423157
600229
886865
787356
782535
499693
558835
268461
938136
742449
8366
710040
455811
114123
9245
79058
650102
381938
635864
708041
88187
104846
511982
533717
11696
607144
6363
969301
160914
586677
763012
654710
231416
439460
287666
149835
651559
462240
787747
932442
75704
724144
921192
291668
431176
851854
195397
443011
949186
414409
26891
93616
342042
661529
507519
417864
601913
978995
723872
184655
858343
590755
89232
308206
51392
972565
804429
294907
876959
995582
708192
209028
88605
974682
479929
167658
320687
362109
570123
498424
254145
61622
64469
104895
995267
873004
610377
293516
431237
790050
632484
891386
378513
814395
243397
947137
268381
121038
293478
515474
487003
463233
12217
544332
32973
54218
123051
977991
245964
153704
377912
337093
690249
68997
534923
414782
733870
794719
91142
517252
165881
393268
10630
913327
431126
781287
800345
349061
455760
696993
125977
787656
852445
153008
479743
815513
513932
177183
342798
536954
936635
753057
544419
737027
496497
888024
45784
459832
374482
896348
871705
836930
638202
762738
425367
14814
153161
705772
882462
663295
6614
634344
679928
234730
747272
862151
950721
787575
978587
580466
866183
519802
493449
116150
864272
127979
930144
727718
549045
947633
250502
367042
531609
650151
663167
745308
854921
548617
167086
604657
224669
933417
183299
895286
971120
964028
318847
360270
707861
308346
709166
490702
550288
369188
955623
58184
626212
249069
752489
430781
841022
364785
539083
525484
957506
329064
594336
457055
341860
100042
888521
310012
199266
478133
146407
646297
587081
57428
572371
976294
869257
819
524092
647461
777756
18189
409638
158168
160105
683392
511602
559706
273217
228611
642414
565907
677276
725684
232605
184364
69539
800623
842611
992604
83827
58205
810608
605736
711089
524460
371901
860857
485766
804747
270173
699677
400557
736627
595147
940499
371361
434503
430709
195921
87042
583620
391970
481328
586380
282412
255871
728586
144452
354800
820347
84418
234187
387756
394294
515985
859786
823453
668223
726926
114143
265016
840738
270329
229261
776515
975595
694328
321520
834315
400493
560030
866809
334087
252532
278464
191764
543070
888207
777758
461693
282352
227054
15856
77202
58793
470999
344580
503475
427958
207179
675050
545188
567718
608806
75005
850135
284196
471643
335428
683461
708861
674154
420036
51969
389291
490285
864216
352886
942173
801600
658456
346690
560390
566142
764551
103640
135481
940414
336876
267310
826547
165845
448245
3249
617925
211033
516536
296700
293095
938885
473097
250255
963901
311685
465445
952378
187252
406676
149113
896824
748015
325688
866580
491518
386385
775180
189442
96346
933583
359423
516325
245508
472483
539420
143528
896695
91012
662564
648659
430752
381640
74958
560895
916731
122429
691725
923467
152055
433621
918112
115759
904471
914238
993949
892164
73750
196541
467880
292659
20364
764553
153132
736378
136028
301500
500203
504703
588100
844293
374283
606300
738650
456737
368065
779863
461255
88185
441511
495594
733260
705651
193084
180040
512776
603004
556389
517310
182073
237783
937782
298505
149676
816930
267307
587161
253528
724715
769594
646618
575747
541012
362931
946079
776941
880602
259940
2385
894063
928053
846505
615869
640781
484366
716724
474674
630152
792705
44604
205144
964956
926185
831923
618497
979726
800623
399941
464884
667398
242955
752512
418732
257778
249716
517384
320915
833861
630650
327296
249849
376663
122786
890510
921831
320610
70836
149354
72046
453531
210634
820809
474764
966010
774259
976638
276118
999099
547595
909912
151797
251727
737086
688504
877594
962724
858445
992981
503607
425385
709002
644759
912043
468438
23443
546179
653897
645126
525474
29738
105292
475226
274125
773111
239668
586268
84735
148625
433767
284999
245801
587540
365313
212442
260814
452832
906110
516519
623793
928959
911649
928952
364580
192490
581375
648193
862458
601121
421478
655150
208286
380847
564454
917848
657231
321138
632844
87706
367617
722884
863383
614420
86470
458559
508876
324112
683834
804007
877906
642896
425785
719282
370249
637475
146942
418697
600427
742028
172613
677752
438604
568814
960634
467602
326801
789470
166346
889087
490026
490782
727182
684258
595659
851052
23478
270195
570517
434598
125635
43131
759726
361364
767169
13853
847677
604118
923854
587865
643740
923441
977264
602063
272022
43989
499900
530926
975656
500987
109163
982761
553293
151324
333485
65709
270583
555917
802670
589494
62313
444092
530018
384945
119849
302639
929968
250122
349872
218663
444728
14363
387352
47302
881500
144678
585489
239075
938890
966742
67738
711491
135445
815510
149970
857842
278497
220660
673380
891711
380260
4706
112280
554623
184986
212356
174349
556900
437777
575684
65850
128799
570749
971220
456143
17798
473599
176582
731382
425258
127655
784098
234253
253316
45612
358379
639005
200014
113623
880556
587794
35574
939791
718132
76098
813256
50937
818844
723682
766212
131955
755817
284974
328371
56923
915000
435427
436650
369015
759944
530654
842223
951992
40823
357297
421350
425474
862983
899157
909112
990786
308862
175625
740325
805630
39146
188394
418556
666599
231626
858182
573715
102122
29792
87479
728227
347221
337279
781259
731456
775119
576435
801913
912501
707638
752869
879209
159687
471310
798898
186539
650968
945629
419110
873748
351052
413187
931699
235661
293617
449886
125361
62910
728372
626766
448229
15219
861281
190767
536808
635656
535566
990998
18272
915736
954087
473713
513988
773229
399584
515028
976937
400747
641065
85639
975701
728660
931558
897242
270587
705042
492879
701351
173230
971420
240758
140922
62698
446519
943513
78110
648872
844277
358599
69404
875243
8999
78133
415928
733891
674648
431883
17079
41228
506777
748618
424512
632406
988196
388110
714130
179314
926986
370050
85872
821020
359256
119796
195625
351171
625232
879426
69721
359405
441177
922971
363001
612708
519078
655134
232896
94724
35637
694330
998581
707169
727870
644148
926237
40473
712496
704580
841900
654695
237101
912453
835528
184414
687217
824523
847814
170172
743856
976965
155015
733958
763435
970114
338729
175562
722320
257370
594797
370946
175606
840812
917696
225260
379364
125832
189966
713
112948
901113
638602
556225
469387
417775
348577
635355
646474
898598
772757
135276
509433
58685
394176
634649
636664
972524
1530
873389
349732
788735
299295
767841
376502
618079
18710
831369
934969
76072
565895
254097
913635
490516
604065
841671
831988
47722
961086
324407
740763
52568
248555
980573
852028
387498
42575
619815
870728
474409
782308
628199
559379
141129
248207
437271
298084
680383
67302
225953
71572
916779
783210
654990
646966
876334
321456
759354
593877
248829
826471
969745
134131
89006
922537
246284
204350
244213
465742
211107
982807
855809
354909
44554
588014
72385
644857
263553
781284
145580
576762
883015
930323
252050
601732
644007
694860
110780
250530
779607
436361
872
318959
851481
987263
56784
853946
4894
802142
953375
66467
669293
864061
239263
297570
196158
666974
885806
64200
971031
57784
681190
518501
40512
29286
423449
510877
849937
689820
426893
951090
485780
168384
488126
919011
473506
9650
254587
17865
179273
627042
301449
341513
952251
220885
738643
46362
889926
737082
555137
353848
453162
710637
39443
204277
1618
653456
474249
702632
631325
364751
565735
726973
906041
729582
445526
867772
412398
527439
78426
324521
268026
164348
2883
135745
515534
557011
558506
21918
512296
24852
150690
215585
304852
925627
416798
111726
47758
610644
67269
909813
190300
903944
408856
176898
83842
370318
938783
256352
817900
595544
127619
366296
430837
389334
432843
777919
93821
763224
634945
18014
225931
600641
413956
980944
426101
614565
722825
100297
974934
665154
364153
484489
466733
22499
485724
30087
98815
186574
642939
662864
729966
189435
440163
453896
227720
778835
702980
737400
685741
951451
400213
925066
413036
42378
996059
495113
51800
748164
511780
356668
240953
856800
976542
282221
457360
674454
801785
24423
37190
831218
793975
416427
712101
638276
908995
222806
926724
286852
155852
817218
419159
583329
790820
520094
860086
832202
648562
31367
737788
814417
377467
9338
421533
591187
638289
480690
516120
891657
362616
534002
361773
285574
994205
895249
32786
344046
759473
683911
776272
469021
792525
541551
372874
250888
222230
381891
863203
782158
356871
881809
135540
884413
383729
301167
726342
119922
387351
742771
58167
760582
68614
7454
629479
755893
229775
316680
83722
158639
26305
491449
957145
481119
882889
764511
550044
141208
89185
280523
993990
839573
586719
349189
706891
788143
450792
598676
165141
778762
320133
345162
690028
221086
364660
768799
411640
174674
811351
959405
288751
342975
614491
712462
824235
352406
667442
656184
8764
324072
965075
165173
818744
901111
475389
822080
933344
708361
331413
356938
436254
583892
73836
541089
975391
549206
768310
669317
454236
551875
723336
189340
659573
426220
535735
346628
723475
606176
772804
976716
726566
528381
571217
790894
580342
804228
307644
135499
806776
919748
536792
325991
451688
606804
265655
956743
662779
57275
178952
792533
735339
875876
11564
32569
619251
591587
70253
166183
210034
915962
193507
317638
961641
796674
304294
838523
380421
291826
741625
891963
382548
522550
261491
384678
520225
974501
382223
931995
872097
238629
700721
363624
68701
451535
285079
921556
12522
400933
831017
125880
46903
167586
527779
244680
61652
860981
368637
911120
715700
269715
79187
477241
600703
362433
981361
576976
532816
621552
314135
766904
933961
614618
56080
504448
717307
821813
502529
89072
913460
418848
335679
368052
94552
645408
279531
950257
980726
105968
445764
503319
303302
455743
316749
69134
172259
970289
494993
444905
355703
218174
164659
188242
126538
27511
718541
131105
481500
141031
359461
443383
558341
840798
941764
278645
808883
764145
814449
833527
591860
869242
618999
544703
474866
39237
394925
636250
41361
248393
730705
111535
752968
41518
594922
549206
327643
39897
115700
237432
163988
657956
617016
805894
336231
926716
536261
573122
234836
811188
575925
309633
565967
248754
854686
443744
155712
409971
511496
164832
509828
665632
862979
201946
347948
588356
91668
989892
682249
812978
693825
893754
111898
112475
42337
668359
635106
405223
501114
132589
655584
34324
2171
34548
84465
206289
141456
344974
178954
398742
612984
366033
997148
296842
84429
913391
231809
467644
345080
425284
22376
459162
539558
248690
40868
629290
707416
651390
640915
831431
308574
431552
145680
800693
962948
675088
729180
984441
768926
475902
19789
805043
241510
173942
212845
745531
574323
473340
841498
222984
882622
803265
268600
987425
630707
893968
298283
14943
430976
638883
485649
817037
713109
558557
962462
998849
495602
122564
606376
804888
307959
364691
129739
620578
19104
581596
707801
613522
256910
991921
16478
927928
871380
643579
899663
636257
488821
380126
463547
528452
226502
441517
686399
646086
302476
317458
47372
512377
27663
94496
201328
457742
146517
608320
563595
485585
736495
62236
942043
90147
10182
546555
38242
882526
977412
536839
355754
644695
513154
391664
516957
65317
696568
751211
539458
723467
654748
984210
290750
120699
146204
777244
109276
719390
11922
600196
776561
355844
997559
578436
812710
893108
791097
357123
667795
524658
192754
71752
202153
492175
546091
306935
157496
364641
516634
120170
518095
841709
308867
380015
73746
84480
236959
29407
72270
611486
138860
786866
806629
545466
976958
685390
713452
134770
141612
638078
180350
533025
848488
815608
90996
75791
568981
451642
222571
838962
264726
907264
746014
550212
699666
492130
645196
98261
204802
714025
327384
821219
512515
353504
331273
297700
680642
214281
693502
912325
286297
715293
710144
848166
129782
938352
535638
997567
285611
855652
743137
800664
718419
392286
892496
984852
243215
574714
851670
121711
75477
707041
120752
261262
807414
334549
214364
514048
640480
324854
737976
334801
2002
70070
398718
29317
937548
533769
308806
337445
250462
987076
862704
958775
511913
743534
609866
564821
843467
116245
920769
812008
674320
879963
745239
602804
373491
243221
831699
948501
590755
567382
290522
775205
979287
321170
933188
513227
454864
933858
965088
954186
453651
702899
788415
939212
774274
266952
855435
171401
691254
425484
325416
809586
608585
987317
997225
186320
572326
346880
299402
673759
906878
500956
574067
643696
253065
226406
327331
796794
295239
681966
518687
283748
82109
683625
619636
252819
64127
918410
326536
867798
150150
48495
46975
186846
745276
53936
124128
470088
643640
503984
488506
959747
337023
925221
964237
211116
838298
690638
698740
823029
64529
775625
488598
723858
459470
253842
484656
570592
494281
229491
714345
795424
247100
662469
454418
522426
754704
759743
884964
952603
132374
16989
114942
469867
68598
13052
615329
575382
711654
778214
687473
898705
969397
668202
938949
270529
217514
874932
504617
12017
144087
206889
174026
298373
141541
125431
721280
691304
791299
915049
669202
734903
885275
611942
850101
341143
787098
317392
673060
931321
959408
584185
868069
801148
217500
694235
455596
815772
810849
321246
636093
479720
678995
204668
854630
882488
120419
452339
374567
535840
462669
979565
483060
712836
607748
522419
24483
611219
501613
830333
305376
254077
904565
555578
90460
832885
202527
97213
664558
513232
765462
471795
504041
476823
516840
881643
173636
476924
120353
131541
525110
316429
194858
731365
705618
580192
811868
678459
249622
519953
929729
374358
389896
642488
345742
452146
728332
622738
957540
153299
938090
365376
404206
260374
791823
623005
82139
835025
17894
676488
462699
40237
928616
707557
704564
795040
958771
89844
733306
915906
586430
809213
982974
921995
8730
546157
998095
559329
695693
168795
14335
909266
563891
467830
880715
933533
559514
907124
609875
582785
800009
219216
999511
384872
667440
806472
661254
285448
132152
354489
972442
530344
306207
366556
43320
494446
304122
420599
5325
432037
808548
68780
25453
956501
39374
709337
572005
718303
504964
163155
882124
49645
22368
612926
209803
352784
290673
597663
314181
429298
838486
230919
190721
420478
988789
272095
351405
550550
39716
362500
67111
761460
799456
865801
364472
852073
747163
527510
574636
392578
95552
327066
385163
542339
845406
108112
263333
320032
49142
83178
174068
108249
243192
548054
110443
931005
788919
131279
26074
244050
7914
718746
557745
921393
950675
687554
118366
513084
427931
202937
620364
903391
446150
667604
402519
225962
918113
195175
