1000
52 71 59
38 4 1
6 23 99
90 58 66
69 18 21
87 63 16
12 59 63
22 89 58
77 23 24
66 20 11
58 86 97
0 27 62
91 48 60
3 31 48
81 16 88
34 21 80
55 94 47
12 39 71
21 1 14
91 24 30
34 9 32
59 46 2
30 74 67
38 96 19
99 95 91
91 63 31
16 5 23
67 3 26
85 33 65
24 57 38
98 23 27
35 45 55
77 91 2
51 61 55
66 90 100
75 2 67
72 40 83
50 36 93
96 80 66
98 96 13
29 16 45
79 12 10
75 33 74
19 77 72
52 68 11
42 73 40
32 43 54
33 17 14
93 91 57
65 91 93
97 18 34
80 22 42
39 5 87
84 90 1
3 19 75
86 54 55
51 66 33
87 70 20
13 35 36
41 20 71
61 88 67
25 60 20
76 21 60
8 44 91
98 31 67
42 25 39
55 68 37
3 22 39
26 91 40
4 84 60
0 33 60
34 59 57
75 97 39
16 86 48
47 88 38
29 21 89
58 12 24
1 69 27
94 24 53
55 94 1
16 79 40
77 76 20
67 68 52
60 29 94
36 17 39
87 40 57
54 69 77
31 32 20
27 23 72
29 37 5
61 56 2
17 55 29
82 42 37
93 92 92
40 67 34
47 71 80
43 47 33
52 20 71
25 65 34
73 94 45
13 55 55
89 11 13
100 26 16
99 92 73
57 52 31
10 22 75
37 2 41
36 12 28
3 75 98
60 81 83
36 87 6
54 31 99
75 63 74
15 12 1
1 52 5
79 37 2
5 47 66
50 96 59
33 35 34
93 5 46
34 44 91
93 40 71
59 8 29
7 55 85
31 43 35
24 64 84
55 80 45
83 62 4
11 32 65
52 79 95
90 69 64
61 11 61
97 81 53
16 58 42
20 46 63
65 77 76
50 22 62
2 36 39
15 73 20
31 11 98
91 59 33
66 19 66
39 12 84
13 28 46
34 78 66
2 35 88
81 30 41
21 6 39
72 73 82
46 100 56
49 86 5
52 96 17
25 18 17
80 70 89
18 69 54
8 34 45
86 7 52
43 58 83
30 57 67
84 93 54
100 64 45
5 42 25
74 35 78
37 92 57
82 97 70
77 75 53
28 62 38
39 39 55
74 86 76
67 58 20
21 57 20
85 96 27
34 26 6
34 68 35
85 70 9
25 43 2
17 36 76
88 17 98
15 40 98
47 27 8
41 97 37
62 17 11
22 88 73
50 58 100
57 64 92
73 6 68
66 43 12
52 27 3
79 31 94
70 35 40
61 12 61
84 38 75
73 81 87
35 81 8
51 57 31
0 55 55
80 66 44
39 42 75
10 5 43
28 58 46
49 34 10
77 61 9
82 47 46
60 38 13
53 46 81
67 67 62
98 22 42
81 14 29
81 64 70
75 18 61
28 9 52
81 13 32
88 7 40
92 55 47
46 13 67
62 18 5
20 14 88
31 86 25
33 24 78
13 17 1
45 62 57
9 3 8
52 37 89
53 86 23
41 12 92
82 47 30
41 62 75
55 2 71
36 65 62
83 56 97
78 100 69
37 17 62
76 41 73
61 71 58
99 8 69
65 39 45
45 83 96
71 87 7
56 43 8
30 86 56
32 96 39
97 82 93
41 97 68
79 13 6
28 11 21
31 83 25
32 71 93
37 13 100
43 48 99
58 99 46
82 87 30
45 61 96
5 47 9
17 17 24
94 73 33
26 4 85
81 38 96
44 7 12
41 98 74
76 45 72
71 86 34
8 87 8
17 42 4
86 98 75
95 33 26
59 43 87
20 39 43
34 10 100
29 42 62
70 100 38
20 28 98
54 83 44
89 42 1
32 27 27
44 5 97
43 30 26
2 59 23
8 7 32
61 38 36
20 73 91
6 12 13
37 33 85
57 14 13
64 96 55
82 89 7
49 47 74
1 90 31
91 54 60
84 79 77
5 97 10
95 85 81
100 98 41
34 44 71
84 79 64
72 98 89
52 69 42
91 2 11
57 98 14
66 17 16
81 58 33
44 62 13
77 83 58
6 36 66
84 69 3
74 32 14
70 15 34
24 81 77
54 72 3
31 37 19
96 100 18
60 2 68
89 37 94
63 93 100
99 35 58
81 45 30
47 85 3
38 13 28
22 21 46
75 18 15
19 25 7
98 29 77
73 7 6
21 60 67
44 95 98
46 74 16
42 7 15
70 44 46
92 33 47
70 93 6
93 24 72
43 44 59
49 43 41
68 45 5
31 9 97
58 36 22
79 46 84
20 56 69
21 61 42
94 6 97
16 66 92
54 98 4
84 53 47
95 20 58
63 53 74
65 19 26
86 33 83
55 55 17
67 77 35
24 89 95
93 79 38
73 66 59
89 41 20
21 17 22
33 29 79
67 56 15
64 70 73
33 18 17
97 14 17
23 76 96
34 92 25
38 73 58
61 29 41
85 68 41
42 13 34
37 43 86
50 91 58
83 98 82
23 68 11
16 46 80
83 45 78
0 57 27
70 16 5
40 58 61
35 57 4
32 94 82
65 77 35
45 54 78
47 92 81
78 28 15
99 70 86
100 91 18
44 26 6
33 44 96
61 55 7
11 92 53
56 65 95
75 83 75
2 72 59
28 14 70
71 76 48
61 11 97
56 30 6
42 67 86
97 24 78
19 77 96
75 53 41
30 41 28
93 54 6
6 56 93
9 76 39
91 47 20
47 66 45
48 59 23
82 65 54
65 18 82
79 70 92
8 61 41
54 53 91
62 57 13
73 43 35
9 77 77
51 34 61
69 26 21
43 99 74
57 61 15
31 30 58
84 98 25
49 42 78
11 73 54
31 11 66
40 47 81
7 34 65
50 65 61
97 7 12
100 27 67
23 21 97
12 83 57
46 38 10
54 12 86
48 62 3
79 74 13
49 22 17
47 2 34
4 8 40
72 82 11
51 82 15
10 55 4
30 94 18
25 74 22
11 99 92
66 25 14
89 86 90
76 47 70
82 19 81
23 24 41
5 21 40
90 98 72
64 85 30
88 40 84
21 52 78
51 65 58
22 42 25
95 95 17
14 19 22
28 1 34
7 72 10
3 83 27
93 28 75
92 38 94
3 96 47
33 55 85
12 3 26
27 86 68
60 4 61
22 20 89
7 83 47
24 60 67
70 87 37
51 16 83
63 42 23
34 16 89
7 84 22
39 81 80
90 63 36
0 34 29
17 26 74
89 48 41
79 100 64
100 84 31
14 81 78
69 96 3
99 91 5
92 82 14
79 88 11
40 32 40
0 44 99
57 41 42
55 48 15
28 100 1
33 60 68
36 98 30
94 7 87
1 42 57
87 93 35
11 45 87
41 35 64
20 60 5
7 13 7
95 59 36
32 77 66
58 18 38
38 31 43
20 18 1
7 78 53
28 53 36
86 22 44
47 52 75
10 34 82
57 10 21
67 43 20
59 75 48
0 68 90
66 15 25
84 58 56
36 93 63
54 36 40
30 44 90
26 92 27
1 87 21
17 53 33
12 8 16
100 66 7
54 86 32
39 62 100
31 47 82
81 38 43
56 80 4
54 93 10
100 31 11
68 47 78
47 66 68
4 25 17
59 72 79
47 88 70
52 72 19
19 61 77
2 100 54
14 12 58
16 12 2
4 17 11
34 72 48
5 4 81
100 63 3
62 59 95
29 94 95
53 61 85
76 70 22
26 26 94
80 80 99
39 43 22
33 69 55
65 88 97
75 23 60
91 2 12
23 35 44
12 85 59
2 67 55
92 31 9
26 54 1
7 52 70
90 22 23
41 85 26
72 53 57
45 24 7
60 68 69
98 80 87
75 55 81
91 10 57
67 89 59
95 22 15
98 57 37
82 2 69
70 29 55
21 94 36
45 38 11
94 41 86
73 79 96
76 78 55
52 44 12
44 60 67
71 75 25
84 30 23
28 75 45
36 4 21
96 23 25
24 8 15
13 62 100
14 10 10
34 14 7
38 18 100
4 90 64
77 88 1
66 96 69
28 89 30
96 97 9
54 7 5
6 37 12
77 83 32
100 55 38
12 33 57
76 87 22
75 76 37
15 14 85
33 36 11
11 83 30
60 98 27
38 87 35
36 67 58
31 10 68
100 89 76
100 74 54
49 48 55
51 52 94
26 20 90
32 60 75
56 44 57
20 46 23
73 29 39
83 27 46
22 14 70
44 31 91
42 63 85
24 29 11
25 40 82
55 71 19
92 100 81
98 41 60
85 67 94
0 39 48
18 22 25
52 91 16
2 42 20
37 24 17
100 31 47
67 5 11
29 35 24
59 98 12
74 3 72
32 38 20
95 88 7
25 43 87
84 40 70
30 17 52
75 68 11
6 68 91
83 15 78
93 73 87
1 12 64
14 89 2
19 54 59
5 77 17
32 10 75
35 16 42
50 82 26
28 44 77
31 9 89
5 92 68
38 27 52
75 71 84
50 78 61
15 81 30
38 18 74
42 33 8
14 72 37
95 52 21
5 5 86
61 6 25
6 90 7
90 37 82
46 59 25
84 98 55
93 85 66
1 23 57
5 66 37
18 75 3
98 85 64
33 20 79
69 77 100
38 86 11
45 70 62
96 46 59
49 35 2
16 93 89
50 66 61
48 52 2
13 98 74
10 34 81
85 9 98
47 12 95
60 34 72
99 99 99
30 29 57
76 23 47
8 47 90
33 58 9
53 28 74
96 28 17
56 56 52
67 19 16
30 25 5
90 93 62
7 29 92
37 54 52
63 75 34
72 69 8
11 78 3
2 93 86
12 55 55
99 3 95
0 20 25
80 5 56
16 96 54
32 47 87
95 24 55
10 32 14
31 57 62
51 9 46
32 74 85
25 12 74
41 58 27
75 52 73
61 53 3
54 70 59
78 13 34
28 74 83
77 21 90
23 65 87
84 95 42
99 92 60
53 52 65
88 58 41
22 64 65
75 28 25
99 58 92
32 46 61
42 65 78
75 12 4
34 38 11
32 15 55
18 28 91
93 26 48
94 13 95
13 64 55
1 74 53
15 19 12
27 69 53
98 6 75
77 46 25
94 30 5
34 29 29
96 2 72
72 68 30
90 77 46
63 18 95
55 37 9
73 91 41
35 64 17
25 54 15
13 66 1
99 26 64
3 98 22
14 84 31
83 12 56
56 6 32
39 68 89
53 92 12
13 42 34
4 87 25
89 74 71
82 28 71
1 81 66
69 44 38
70 72 24
69 11 77
23 5 33
73 9 85
10 38 38
77 89 75
64 81 11
16 97 9
58 20 22
8 58 1
67 1 56
1 22 6
35 9 73
68 55 29
97 76 47
71 28 11
12 65 66
28 81 52
61 30 32
31 3 8
67 94 53
14 46 40
99 62 71
68 82 88
43 72 63
36 54 38
61 89 91
88 27 3
35 43 32
32 14 83
87 21 91
57 28 81
23 58 58
90 48 65
96 95 29
85 93 63
51 36 99
80 94 17
41 32 82
84 75 56
19 32 19
59 60 85
45 58 69
62 86 17
87 81 48
57 66 7
15 48 19
2 76 15
34 78 21
37 21 1
21 88 44
45 24 72
4 64 27
4 1 83
36 98 27
24 26 19
31 9 91
28 13 37
42 35 78
61 63 52
49 79 11
47 39 84
65 42 19
8 92 17
97 87 65
3 38 18
45 58 33
56 92 59
6 57 10
76 27 10
78 12 41
98 85 38
66 89 30
19 71 93
66 69 9
35 71 80
94 20 21
7 38 80
38 68 94
41 88 72
91 22 82
73 93 3
79 6 20
68 76 65
82 56 91
59 19 85
37 26 33
45 3 87
88 56 9
28 12 87
10 33 21
4 42 74
19 95 1
73 41 26
10 72 100
100 1 1
29 2 60
13 82 4
71 75 75
34 54 33
11 69 57
82 35 76
52 33 14
35 29 87
87 63 13
91 86 25
63 74 95
13 63 44
100 6 94
43 54 4
42 58 87
6 54 76
77 89 85
67 43 16
53 48 15
1 28 70
35 55 45
46 60 87
33 34 86
78 56 13
4 47 5
1 54 73
23 36 86
31 40 41
5 95 26
91 41 56
51 39 32
65 69 32
54 99 95
41 26 27
83 25 47
23 100 5
66 26 38
54 47 14
87 20 40
54 28 35
53 97 9
38 2 57
12 9 17
52 56 84
42 62 90
91 10 23
85 73 70
82 55 91
13 15 91
46 26 68
100 89 96
21 28 21
66 30 100
39 62 18
97 44 64
0 20 21
4 79 33
99 41 62
54 13 86
57 76 73
20 11 46
55 4 97
5 74 9
76 84 67
19 7 99
57 76 70
97 88 98
86 15 32
97 40 88
77 31 9
3 66 73
35 99 22
24 24 77
25 25 97
54 84 77
40 29 7
17 52 13
42 91 58
18 89 10
43 19 26
13 68 39
100 37 76
74 35 91
48 46 58
36 32 85
42 93 63
97 40 45
67 60 99
20 98 70
11 97 8
93 8 68
46 100 80
45 39 5
52 39 2
71 52 15
65 70 12
37 87 8
92 40 17
58 16 65
37 59 59
84 63 23
25 23 43
93 21 57
46 69 58
83 89 31
17 63 22
67 53 15
30 61 23
9 78 90
85 13 84
42 8 52
64 88 26
90 67 82
76 9 32
7 55 65
47 25 9
67 95 83
53 5 47
30 60 84
43 81 99
66 75 25
22 84 76
84 18 41
2 20 12
15 74 4
78 92 39
77 65 16
10 19 4
100 6 31
83 53 23
41 9 44
63 47 47
